62	28180	9665	40439	29251	23994	17515	44800	41144	37332	
8705	42949	35526	25678	15200	749	4570	18223	7366	
8295	49428	22285	5954	233	445	18894	26584	28560	
30089	30359	8312	33153	22540	17606	2852	30385	39167	
40132	25995	15098	43800	36335	47797	46288	26968	7117	
23105	11766	43114	10480	38984	42184	49842	49987	30576	
19622	13311	14864	42009	1187	18794	4631	33861	2810	
439	45941	13795	13645	29396	34560	41882	36326	24248	
10268	37188	23424	22899	47460	37223	5414	29953	19262	
36752	30449	28621	18067	7578	11255	21258	40146	25856	
49501	37579	17278	8449	32866	24596	3177	34989	25241	
7375	47481	7079	45258	34646	15153	21328	3518	48332	
34161	7662	43864	41086	29103	9568	8895	40861	23764	
7778	25197	36602	20280	13979	28438	34113	37794	36097	
23765	6151	18391	41736	1754	25851	33150	21312	5234	
47469	46071	27478	17300	23587	18749	42351	15844	22806	
13595	49150	14890	36961	28365	9799	38067	41974	19883	
25046	44510	1373	49733	28630	2525	26567	9703	42154	
31339	32882	9893	42109	6166	5496	37158	15704	47055	
14304	16816	7013	36656	41733	35401	30013	37362	12636	
7224	80	3050	40313	42633	10529	5780	27661	712	
5688	22726	37612	34309	27173	3694	21837	10097	34812	
14518	21835	11622	28894	26630	31435	8009	25207	48154	
34789	46242	9497	16798	8917	49761	22873	49903	4875	
31260	4719	21887	46578	2421	44733	14501	11365	38455	
20536	10099	31405	30208	22581	23318	29892	31737	42741	
41441	31240	36047	28288	18757	9213	36897	27757	45256	
12143	9447	30237	34927	29232	17565	24724	4019	37039	
30603	31020	34557	40228	7456	28803	43388	45580	30736	
36385	2160	33390	48828	15751	28461	15292	8696	5427	
43454	42563	37217	7744	16346	3967	3830	32050	41002	
27255	22413	20449	14938	23279	25061	7633	16152	36901	
15694	41336	47956	43669	36253	15003	47202	6361	3287	
39250	26230	30483	47808	3613	43783	32694	16106	5240	
25253	11354	14515	46001	27559	33141	5727	24628	18957	
24841	39669	25464	19119	34409	26608	30315	19760	294	
35395	5031	31154	43164	24576	37368	24846	19006	39270	
27641	17855	47788	31543	8829	18713	6581	37165	47588	
30600	1391	16493	2795	31962	6581	42355	43217	29845	
36083	42700	734	6323	35397	30858	10878	3297	8446	
31206	17049	15971	18379	33051	40121	40345	26328	30556	
39911	45032	7240	31510	20121	12685	6827	42761	3308	
21391	28668	15115	27403	11278	15568	5531	40403	6735	
14213	39407	44763	39483	37191	30762	18057	42834	11425	
43181	11472	12478	27121	49244	2690	4071	26234	21341	
4733	12940	44579	11638	7327	6255	46584	4005	2354	
2936	16821	45737	19931	21640	47310	41861	26712	42106	
34678	19885	12958	216	26280	47742	19935	12055	29279	
12757	34202	47266	21776	44513	358	47051	30078	39309	
28835	7121	11116	19151	213	20897	4112	32998	42756	
3242	40554	33105	34576	40136	26508	34283	7138	34476	
36396	38888	1553	43436	32227	35329	4272	27600	47397	
2939	13749	7259	49091	31000	14612	46126	18377	34728	
10932	7796	12027	26073	45116	5321	45134	22087	4005	
39106	8589	48722	38795	43521	10532	22832	187	37533	
5702	20236	15557	49633	1928	12604	9464	12385	7675	
31017	44270	46956	9783	38984	32279	32839	45459	22774	
46066	33210	7538	31818	28478	21103	47153	27030	28929	
26824	12764	19848	17513	1831	39764	9825	3514	19471	
29538	3546	9883	7794	32218	22717	30216	34869	22065	
34225	19827	41787	29612	9980	47475	43802	19586	49375	
9265	44788	28723	22104	31368	35427	2481	14278	13010	
20382	44768	35511	36424	44804	19679	19871	45195	15430	
19406	28530	17678	36686	37269	36820	36973	6966	10009	
13630	34023	45558	18392	25884	5469	45374	10154	25899	
32743	21927	34383	4521	3978	3789	1390	17755	15362	
34866	7134	19743	3392	33788	36248	9935	34702	30787	
32746	27200	4915	27269	2481	48731	23202	48500	36395	
26549	33997	34641	18606	19432	2498	40490	8478	3041	
15528	39225	10624	16096	24234	457	21994	25394	30298	
37928	20054	17491	42134	47118	31167	49866	2673	28144	
43179	19338	15321	14211	1335	30629	19560	930	1551	
22786	42898	46840	20095	36366	30581	40420	43773	29131	
29752	3950	39660	23111	29532	29473	28461	40805	33639	
17179	511	13366	17078	11605	38552	18588	43495	5843	
36280	31447	44699	9151	26779	45102	39006	48262	9868	
45079	39872	47672	42442	44519	31437	9273	30848	13250	
12533	36611	39407	8547	35696	24048	4074	40329	42769	
6232	15374	28667	23649	38104	9593	36390	49753	767	
32383	34583	8707	3605	13749	33832	41948	27834	18562	
38977	11626	31913	11583	10230	48554	14088	1144	38462	
7591	2348	462	17429	32195	17162	20729	20826	4533	
27260	34965	16900	32877	43814	26775	28502	2699	23289	
12999	21341	43169	24330	4371	28292	35471	38925	43213	
42529	14651	43220	32247	37344	41433	38282	43597	45418	
45628	26099	22009	5382	17701	41154	21386	8492	42	
32874	38679	3186	4491	19284	34196	40382	7704	7143	
2423	17307	927	48923	32383	2682	45709	31875	21586	
1052	12130	19598	32702	39096	1141	41304	6921	31714	
27521	49176	23172	10739	15035	39109	17127	24031	30402	
5125	49224	37792	7544	22821	35583	49939	38777	32084	
31061	47307	34409	14490	28359	14519	27413	35619	12322	
27335	24632	47605	33492	38259	31170	22288	39939	37278	
49448	10231	31475	45493	29566	45921	25278	24470	22487	
44469	47022	9146	12598	10150	36526	47058	31255	2067	
32068	1725	27818	27225	22317	3068	49804	6387	30046	
2517	8640	33013	16622	15798	32680	20527	21376	11081	
33927	8322	24878	25383	40138	21754	225	16975	18795	
6429	41368	36666	44559	32168	32531	25725	36700	36860	
47856	23292	18163	5609	45235	41063	22740	5434	43474	
38070	1956	20834	46808	3387	8243	10564	5846	29557	
5917	30915	29006	34516	36579	45784	33488	14925	40445	
18910	49877	38627	10221	8528	19413	9061	29050	9781	
48009	9513	19087	15200	6041	9908	2311	38560	38053	
44054	88	22432	21319	40078	23068	24744	37470	11925	
27971	4637	46103	44693	42853	2981	24545	31603	37362	
37805	12787	45497	39601	9981	27643	2562	26109	39520	
35209	1202	36588	27669	45712	43779	39848	15272	19747	
24095	2629	32599	42	38430	37811	10987	7738	2876	
33532	1634	17294	34895	39909	21814	49088	31778	14765	
23849	43719	3964	5049	7161	7150	45902	15437	18691	
40693	2331	40712	12000	44896	12826	13468	10401	11469	
42309	43744	44386	42241	30465	2044	8676	9188	17796	
22464	9253	44725	31153	27318	45586	26131	36533	49968	
48468	43373	42012	7333	18720	14219	8548	48690	37092	
35832	1544	32253	40637	36797	40910	6232	35946	18754	
32493	45773	44485	1608	38676	22444	378	11431	20924	
7829	45953	25085	12143	37725	45328	10674	1605	38560	
11412	27831	40321	42602	16581	26947	49591	43469	32345	
11387	40641	18553	18345	1748	28066	19894	5989	16247	
44952	10074	47011	6253	42468	44699	22279	11106	31739	
28005	31203	21183	824	43208	6981	13370	14599	34084	
28073	47943	30362	39413	21136	40921	36974	6789	25827	
1004	349	37417	16694	45108	23114	38397	2525	31550	
1208	34122	48456	25023	35320	13297	41119	32332	29862	
13181	42213	23004	37409	17581	724	23828	31325	20195	
19181	1381	14442	29843	44196	21609	46579	19149	26657	
503	48714	43262	21872	34983	16648	30118	24928	27982	
1950	18911	11652	46869	42978	48207	30442	29200	3822	
20352	15266	24930	4002	43741	15214	39077	46646	29422	
10811	13965	28037	43722	12504	15070	36358	43332	11554	
9535	22340	44519	28717	1439	49764	2961	30961	12847	
8492	5806	11574	24745	47992	2464	3981	16883	13987	
25778	24528	20614	46237	30054	14608	23788	20083	47568	
27419	41748	39723	40084	29644	43506	15903	46961	13396	
47168	35940	6381	38746	23645	8795	1333	2081	22740	
43117	6805	723	10639	40928	39862	38984	32926	14938	
39073	46077	42108	12131	24939	1150	3786	1544	17811	
35767	20491	9021	14896	9105	37246	6737	2911	26282	
17944	40338	7941	44995	6590	1461	9072	40905	12461	
28536	17346	26997	33246	43539	46628	47266	5260	7662	
27899	40014	44759	3625	43617	41122	19415	27440	33599	
22548	14069	47475	49109	36404	29741	13619	6598	9897	
30027	24368	17767	11496	23923	34591	47409	33558	49131	
11876	25679	11791	44904	24219	16323	26875	28540	16827	
17408	8461	14509	10964	46143	36985	40352	32523	34336	
13505	38345	3221	36089	42955	17078	2218	24216	1039	
41911	30927	27030	30204	28435	38870	32003	34838	37998	
43402	7900	21176	39325	1071	21919	2107	25316	13463	
3413	12243	49105	25323	30777	3551	18376	47779	43005	
16874	12095	14477	2548	49637	8623	3445	11007	15046	
39344	32482	4184	13138	6824	10877	28130	8913	31615	
5345	22687	37943	16691	2870	14126	34716	43664	28380	
43426	4060	39772	49985	31751	30944	29740	29657	9712	
48946	11576	2115	11953	12757	20341	39749	13624	45004	
18972	36379	10324	2647	30230	17700	18063	33407	48804	
11182	44791	17349	47678	33257	10083	14118	17773	26601	
14550	10999	4980	5336	35468	42192	33594	40959	288	
24568	30233	46768	14532	30292	37347	43693	45613	41507	
30297	15244	39213	7506	27132	34454	19732	49662	5096	
20581	1371	34373	12945	8450	11432	9450	43112	38166	
2380	24162	2807	48064	4249	28275	48130	28696	43935	
20436	20158	20675	32928	41169	47261	14156	111	30814	
2472	32804	21098	47727	30199	10044	20720	17028	31157	
40422	242	5263	19722	13843	15839	41214	42677	15577	
9883	28235	23454	49758	21663	18424	20939	19244	29022	
43889	16871	19670	47554	25458	20930	30416	38839	4182	
7559	10396	4367	15864	23591	31458	16639	3966	30727	
7141	14036	41250	21954	49723	11048	5366	25951	13230	
367	28813	38529	5376	48462	18472	45201	26086	11133	
15131	23924	15531	20721	38238	42082	19456	21374	36210	
36747	4570	4086	37655	42351	31891	17982	23752	4719	
20765	9418	17156	45671	11466	15516	7713	17077	9114	
13614	10297	8623	16764	3271	25096	48186	40464	22323	
45651	8963	24097	23605	34963	12430	46837	13872	14977	
41124	40983	31496	39755	360	13048	14477	47650	42975	
25873	35377	12809	46054	24564	4677	41301	3834	14132	
19194	32165	25755	21577	7036	48751	3731	259	45741	
20584	37768	9383	5086	21157	33898	26372	41212	41861	
13575	24976	43524	7449	48542	26920	11034	3337	10231	
9886	9645	9976	47841	29676	36941	14719	33993	39308	
46068	46423	42218	12949	5272	3094	45190	7416	44640	
17971	47837	19079	16573	34229	44379	19006	21664	33733	
13355	24142	26393	40104	39708	37318	24335	41391	27953	
13940	17359	2707	45564	38146	18424	14120	10562	16229	
2507	44083	12441	20192	7243	43765	30407	39184	9842	
22586	38090	21667	31824	40229	8722	16134	48162	35471	
9877	43146	2365	37162	1802	6541	4118	27635	28449	
26651	10944	3859	15231	3222	20564	6685	12584	41034	
25439	13436	49399	45828	6087	14222	35349	23547	14738	
17233	26256	40558	25862	3366	41462	27721	5182	25479	
47336	36157	23697	22566	45946	27443	18264	44220	32987	
6126	25371	5621	13990	27324	39566	18460	42908	37219	
23193	17983	22105	29297	18952	31603	27881	24130	41835	
9285	485	5463	2031	11089	12798	20515	35381	22137	
6653	27204	42840	40333	10913	46193	15668	7161	30344	
514	47780	26863	19345	619	11853	44287	29624	7630	
827	26761	45837	32638	11223	20279	48293	4854	19979	
25307	16766	16421	31272	12539	14498	26677	44936	23904	
16409	33730	23018	29138	20639	46117	6049	33237	7434	
12369	5579	5101	34476	41324	24538	22688	32673	20926	
31997	4961	41531	18432	43899	26003	48116	19735	36286	
31531	18707	40672	42630	3196	37180	18119	11780	40950	
39187	13697	28162	8736	6212	37857	20691	13972	8548	
27211	12063	15931	11254	32903	34922	33514	32168	2801	
16476	47614	16035	15382	8148	18427	13822	48058	11811	
13041	31243	37803	29142	13550	35609	16895	35708	1078	
35029	31536	6319	35995	19046	26198	43208	29598	24759	
1539	33590	27675	17480	28630	38215	1132	32	27348	
37405	14112	39703	41763	36192	14823	26933	20280	5089	
19470	4835	33411	8092	34548	33539	36927	44414	37831	
28476	13247	5572	13357	36674	48876	24396	10746	40062	
30646	17426	24132	49927	18684	47402	11031	31514	28786	
7277	46497	22897	32117	2432	32789	37121	4999	32538	
9980	11718	36608	49729	37707	44667	27384	44591	43445	
30799	35996	36555	7596	37812	7639	20237	30726	35841	
41501	44304	3186	19738	30182	24405	22569	38092	28940	
16787	29154	18017	37489	4072	4782	49855	2223	19834	
5409	20749	21696	13486	22651	11249	13067	32088	44656	
43950	22467	20585	11603	48223	36970	17086	36153	30170	
31073	44713	34125	11782	5440	26584	35777	28398	755	
25546	22923	48545	44484	35120	12291	5177	13334	23315	
30339	2453	19310	5832	49910	36997	2041	219	34014	
47823	35333	37545	7054	33915	30639	33150	48803	3555	
45372	43068	31426	44452	28758	7610	44933	28696	13148	
8774	31266	41717	33515	42934	22427	49150	33007	35439	
2911	40800	37347	48709	41769	15707	5882	10276	14590	
47391	42126	12488	10796	43310	21545	10286	46439	37667	
19500	18737	27899	31537	47055	36814	36804	19436	27510	
49013	31400	16384	21502	31368	34785	24507	33420	13418	
5237	3259	6989	22699	9014	32326	42840	13305	40881	
31246	45842	5113	12710	24858	35058	35207	5479	18600	
24090	48053	4942	22726	4658	26038	16299	39527	41209	
36892	28198	2586	9368	49546	21360	32172	36073	45039	
42149	45769	24150	23991	36376	37887	19198	37232	13700	
18145	1561	41115	37896	21734	11214	4123	13286	31286	
38365	16308	12735	24249	37596	28098	17396	34817	48358	
20085	13634	44446	29619	30332	17368	40072	41490	40751	
21171	4063	31621	49129	34435	24965	9213	28365	11919	
43101	14446	49480	40999	20126	16087	19934	32880	46546	
45195	13885	38185	26286	47615	45853	32123	2395	13178	
14432	39625	12903	14352	17596	45722	40925	12169	16108	
11492	48061	12275	46681	40901	5170	28864	11368	18798	
9571	39357	44838	15462	2708	37603	35966	27925	27397	
18431	5470	3444	38658	1362	16007	15417	7248	26297	
16361	37037	29926	28978	46295	33024	35491	29065	3589	
14738	730	38610	49874	28978	15263	23756	6747	25781	
9362	27480	18862	25548	33868	36164	35384	30791	6168	
47850	36533	2818	11397	24942	6683	48699	22835	39233	
30613	38737	30631	41971	14439	49904	42883	16891	7865	
5385	48148	48944	29221	5691	3424	16547	19912	21544	
36723	40229	29836	43907	28185	45369	10295	11461	8956	
21971	16019	10839	41739	39186	42808	19903	22160	47440	
2385	39422	15031	25975	11048	33436	14484	8623	43613	
23617	42142	45590	29265	7965	22302	34103	40893	49105	
48275	25723	4399	2536	28844	43127	29634	30169	29027	
14150	39433	19358	44083	5977	48400	2887	20903	17193	
17928	99	15853	10578	39094	24539	3056	44452	19880	
28430	22262	35329	28429	29256	30312	9777	18762	38803	
45293	28215	40606	39946	47414	38510	9856	31501	25697	
42167	41258	36460	34533	30938	19827	43921	49141	26645	
12650	30004	34040	32041	47536	28113	13566	25510	10132	
43800	8493	7451	36106	34577	27841	31109	49825	49999	
29911	25697	26260	2284	41633	44635	27556	12850	267	
46666	40876	4991	6541	42726	19081	38117	3262	16328	
808	3755	18492	312	11506	28731	37324	17735	21971	
5737	41351	19738	15994	46716	29859	28220	43637	29239	
11820	16080	11704	31340	32772	32892	38023	24982	25575	
8777	20994	23550	49221	44353	1107	3663	4629	19470	
15859	46616	41618	28676	24710	19735	45989	26099	5630	
43049	20897	37643	49788	11441	1509	23268	5919	17773	
17013	47200	1020	47115	39062	38835	38815	37538	30707	
2202	2641	27703	34885	6766	14321	36573	16505	17385	
25490	45575	47234	46250	43068	28511	46988	34589	15333	
49547	21257	47017	30236	24553	8281	36231	2447	16174	
25139	10979	772	7871	26840	15043	42436	27298	17468	
61	5826	14289	27429	39	38285	3819	45880	40304	
10437	19181	22395	38752	43706	45758	26935	32212	12493	
30646	32175	35693	47687	28514	7256	17367	42923	38916	
37046	47095	40323	5440	5908	1269	47130	22017	10141	
31876	9885	16607	38035	32450	47702	7698	31707	8882	
21142	3845	19726	37803	38354	41585	34602	20350	24925	
32047	4176	14207	9116	11582	31063	1634	48954	16686	
49053	26372	2784	28563	20712	7190	19894	7626	15115	
10929	2620	13263	29816	42799	16703	29151	46132	36799	
1280	39459	31785	4036	5179	26245	29978	21779	1030	
33361	48941	21017	3784	17149	41044	5405	45181	29303	
35520	9346	30724	2137	13853	28050	30777	31643	41931	
27374	32256	28568	47956	16271	2559	32923	10260	39647	
42270	12148	44043	24419	28151	38294	1043	36648	23099	
14507	21353	32479	4492	46175	1252	10770	37605	26961	
16293	181	45561	35160	13567	38552	2476	10552	12317	
27359	1283	7195	26880	19129	22824	42360	1068	20527	
7771	36991	18051	18995	7976	18003	24757	15754	18730	
27670	34922	22947	18571	10471	49791	7758	18173	22703	
10564	41331	44864	35134	21658	35258	14362	24057	8800	
23511	16293	21034	1074	22569	15006	16619	947	27597	
42322	38439	31347	27464	33703	48859	23837	46427	34483	
32619	37011	45274	27632	19726	19064	39779	9714	13889	
3720	19227	16509	21849	3494	22865	24933	3900	39383	
7068	32775	40918	21038	11046	42840	38180	16522	3897	
3033	11354	25633	20817	28997	24905	45938	21281	10767	
28244	45525	27022	30155	9969	31566	22590	40263	15476	
28752	26338	33817	48252	6627	14616	1811	172	19934	
7005	9055	31153	1001	45415	38168	43355	18249	24799	
28594	20402	39865	8403	12218	26833	16711	35252	22110	
38085	23562	2731	25961	46408	22668	32137	10823	12928	
38763	49863	20666	11251	9561	42195	23309	32851	811	
16421	8345	49599	49944	26105	42563	3740	27396	43326	
34441	20629	29714	35719	34325	14504	43399	31104	21763	
32670	43654	27525	6653	8348	17046	31518	45699	17570	
22162	32395	746	10324	27295	45407	40640	11399	39277	
31536	13004	11113	12452	26785	37699	41340	1921	38739	
48354	7063	64	43211	33640	18855	20430	38839	4813	
46491	18057	42361	41078	39112	10282	32453	39334	32195	
37103	24904	19918	36634	25131	36953	14835	30278	44264	
23596	40072	47225	21048	43689	28562	35163	47879	38629	
25371	26120	2035	31466	21624	40884	13679	29229	28789	
22421	46793	36280	19838	18635	32198	11522	38876	9734	
16699	27280	5782	550	17373	12623	17448	23109	45110	
39009	22133	19755	36453	30990	18551	2182	7817	9864	
6216	6631	21115	3023	38635	40608	24861	26843	5847	
41389	9859	25928	48009	41705	43487	26505	26386	12818	
21637	36802	3535	30388	2433	2198	9058	33369	10724	
47997	42589	21322	27439	17553	40544	10401	2873	38710	
8217	43341	7980	26181	43767	23755	12681	2847	5626	
20098	5305	47679	49997	9519	42225	3123	39851	7007	
41676	49834	2144	80	10942	31405	34701	34380	20868	
37112	39355	20413	16782	25310	32967	6850	29956	45389	
12800	40606	28563	41078	27863	9044	22293	42909	32776	
34664	9613	32650	25717	17484	31786	37528	47009	45549	
22667	37039	39920	18760	18394	40184	222	6453	15978	
15913	16113	33939	44896	34621	24974	18362	40721	3464	
38652	49230	34884	3369	13706	33819	49604	10495	18279	
2894	12035	9976	22079	46974	26766	34785	11087	28433	
20614	37473	3535	39880	48912	27674	18705	3956	27228	
33103	25127	35023	27681	16929	19741	7895	3833	9304	
14574	4112	33292	35848	32491	30881	42010	935	38601	
33129	49425	8588	8864	43927	48441	28749	12485	43596	
9339	41801	9601	22832	21690	19116	40907	20134	13283	
22452	10698	28861	10213	30007	39985	44246	27104	21945	
41119	45641	1599	33217	40628	34351	12137	6462	1719	
22329	43094	2841	23083	42082	36344	3570	15476	23042	
43338	10007	32772	4813	16686	25072	8898	32496	5397	
23840	27348	4466	42772	46101	24737	17936	41018	18698	
5025	32535	31717	40481	15936	47306	16106	37647	14146	
11371	14306	22326	20814	13633	27529	12186	44000	21742	
2348	43895	19526	15736	11081	38229	46895	36604	37332	
49681	21742	45102	30779	8316	41479	11141	20285	36775	
35604	29061	49337	114	47312	29070	22929	21464	17912	
30216	29944	21124	672	5157	30054	12082	5583	2079	
19270	9658	1660	44031	13143	38117	28336	1016	11718	
42082	42479	5191	35273	35543	2629	4382	44937	46272	
17019	24336	37226	38450	6879	34957	26569	21353	11696	
40867	4886	26872	37887	41592	42277	13680	27503	31693	
17877	30906	48534	36141	44983	49053	33327	1271	29428	
41049	16737	36614	25381	21188	531	27896	27516	24806	
45642	16590	13706	36472	18778	16229	27254	49550	45058	
10891	12731	14905	43083	6096	44514	11602	44165	27484	
12023	47357	22145	37528	808	21609	35455	15653	33459	
9012	7921	22040	9442	46126	49929	40414	7971	29135	
46443	20179	42871	5466	13531	13164	33579	17008	49878	
25314	31344	27829	34869	28626	14616	44186	49865	3666	
42792	9613	24127	7973	32264	32953	32070	40614	43954	
32055	43289	48284	46291	1065	2021	43205	42763	34048	
37567	28165	28072	12725	32177	48975	11972	41267	48102	
19702	24843	35792	40222	40968	44055	1510	5910	6603	
5208	5270	48673	19032	37310	26309	7082	8615	35899	
43053	25673	27359	13268	38764	19218	12197	39778	33857	
7080	38270	15322	27658	19126	7416	35098	7488	49779	
42257	38597	7808	11776	31134	6017	27304	16235	44270	
41087	36666	30486	16401	4349	34933	40353	16258	36048	
37162	18366	48140	32573	1260	24509	5957	15623	26813	
41028	25034	8086	33657	17896	1933	5724	3080	30506	
27721	8724	39440	26083	4863	2168	34963	10479	43184	
49509	45622	1832	5078	38061	10840	2697	45425	40654	
24867	17185	16358	32418	42602	14687	32380	26833	27733	
16761	15960	20065	25963	8690	19079	7678	21136	2345	
40918	12761	7097	1860	37066	39549	33088	48706	40567	
41586	5472	47716	40054	18521	3657	647	35354	30561	
42953	48821	15842	44667	42222	1362	31858	1547	29152	
738	4491	17541	40913	1973	44089	10373	3036	17242	
22722	12960	44366	2363	21019	14213	30783	36729	44586	
40995	25687	23253	30384	20222	9862	9931	38377	35232	
18685	9508	48709	15421	29407	18873	9798	23283	6343	
14721	7602	27831	36810	27045	1382	28545	15548	17024	
46306	18847	10564	10862	48145	3200	18061	16161	20457	
6882	39390	22357	39492	42489	37757	11812	17159	22246	
7552	33121	37408	30191	14080	13160	26253	43271	36497	
9502	846	15415	21800	29708	17851	13701	32673	19058	
16416	20585	46962	43353	26143	41337	41653	18235	35268	
30706	19119	11707	39425	27890	8473	21327	16282	13863	
49826	2672	46385	30140	44255	663	25473	22999	27339	
10248	38650	2305	49022	18064	41653	28900	17616	1611	
19572	19688	40832	37521	18344	34466	21528	45439	19270	
33539	41121	19149	1953	20211	38345	21458	15910	7201	
16293	44392	6175	21035	35450	11301	13251	33501	25589	
22445	42660	34214	24332	20547	24440	33358	25174	27979	
7919	8663	42802	32053	12034	35690	28498	20056	26517	
15458	43471	40522	34307	38536	22890	42352	441	49576	
38478	18324	47779	1434	42421	4573	14812	12900	463	
12569	16000	19073	46988	45189	49765	28508	19812	23425	
24612	26151	7680	25331	48624	36140	18093	13685	2609	
33523	48386	4030	42319	18978	17829	49593	49901	45580	
43617	44644	30049	11658	18444	22908	21074	8881	22638	
2537	16198	39518	28501	4233	15464	42045	29807	44067	
3488	39102	4172	27582	23422	46866	41177	46732	42410	
9925	43982	6187	28861	705	37345	30648	36868	47492	
39756	29599	18040	30138	32560	21237	6113	7524	33872	
41972	44614	15804	10070	43170	2896	1503	32728	1654	
903	28574	13727	45558	37887	23405	26463	22017	45467	
46912	45836	8402	10326	7710	14944	43498	36846	5507	
21248	30297	44963	18676	39990	36942	23640	25177	27735	
47360	35191	20825	23833	38169	40785	23976	42569	33433	
42485	30718	13871	13785	12078	9592	5376	31536	2050	
49955	33628	8264	8992	2974	47261	16547	34757	29428	
39981	22264	15694	43223	26122	39169	15269	14846	36636	
22189	343	23707	18281	1092	46497	23475	43867	31020	
42630	9467	16328	11480	40231	2153	24477	381	17555	
35835	33214	24631	4074	16549	16032	13868	35488	38313	
12613	8937	34606	21667	19340	21600	38441	13718	45523	
47089	16779	13607	43170	6053	2604	12565	43103	17491	
29607	12572	5228	29138	47162	12687	15794	6998	8055	
27126	39404	10497	49291	24129	8661	4828	11226	49701	
9213	37100	15479	25272	43002	27773	46761	33352	27561	
4039	9062	30227	14176	26631	1493	49775	32685	36634	
34005	37458	45744	23920	28403	28549	20404	43707	24933	
9668	49779	32810	39727	27664	32592	2191	43443	34940	
43497	7321	6412	35258	1889	22938	30619	19099	22098	
23773	13769	2635	2702	47783	15842	9369	37869	43472	
23376	8528	8412	27863	31818	49245	35529	6659	41259	
4596	4858	33204	35862	14609	43846	7720	42291	42192	
10063	43524	37449	31154	23465	1605	862	30353	210	
20311	31995	22973	21038	41543	27806	25085	41874	10144	
40902	42474	29555	47978	13538	49851	30480	29262	7839	
31485	4945	8766	27495	47328	35058	29378	1290	13666	
38949	10630	23776	12427	49198	44763	23341	18122	38191	
1838	3079	6548	48284	20547	24707	34290	9551	36166	
30851	3076	2965	22316	26039	48076	1765	48072	11698	
14153	48902	26906	45458	9226	3273	9160	20069	48680	
12705	44487	32326	29984	46314	15878	37151	1564	44208	
21876	7317	14944	17278	8441	44034	24257	4898	27126	
8685	22203	23332	21051	21138	26476	12688	15314	44804	
5737	15235	13320	3866	9232	42853	25645	2954	39041	
16465	32987	44531	29094	35275	9748	14382	19992	8560	
9842	30492	43675	7924	41259	25566	7008	22729	30947	
8603	38404	26582	6630	25763	36417	37686	47051	15855	
34536	30808	27222	30799	21084	33768	10305	16296	28403	
16175	12592	23111	30307	3282	43213	44197	11922	22748	
45099	48032	941	17107	38804	3454	24364	29804	45691	
16325	29790	47542	42097	23282	35339	6812	21000	12986	
47223	47405	12787	20089	9073	20662	41655	12272	22072	
35394	19203	15672	49923	49137	1840	48993	47766	37686	
13479	11614	29096	633	10140	46047	9696	35781	38026	
19958	42709	40165	11585	48217	33872	20614	13202	108	
1004	21550	40986	12203	16784	2897	6287	2014	48886	
25917	7495	2922	36552	29734	31650	15563	17651	6421	
10443	46037	45293	7445	32210	26257	8025	39227	36393	
36738	42767	30709	42128	27123	4400	30715	37457	4799	
31254	17875	30747	36880	20353	30988	40886	35867	1686	
2589	27799	24347	25394	3575	39878	48980	1036	31643	
29840	39115	2981	1419	15644	30373	30945	19056	37951	
48456	39785	49100	40745	23523	27599	6456	26674	30481	
46176	31304	13639	25418	22874	29662	44225	23572	7999	
37567	24522	39112	36717	41536	43919	32030	19583	13233	
2385	32506	766	41092	46880	37994	47988	16702	43347	
3390	13254	8841	35978	19599	28510	32880	20204	740	
25124	48409	31034	25412	41458	42926	23279	2237	7413	
34353	45255	5063	20144	216	32467	48078	49903	16303	
22925	46192	40152	12589	20562	30994	40973	29291	8374	
17579	39830	30799	37841	42563	28762	10352	46153	18597	
22069	43251	27861	25726	13537	21388	12470	34841	37296	
26984	24550	33594	21327	28255	27922	59	47737	4890	
30515	44476	8803	36128	1399	14324	22920	9201	26616	
33167	49425	31089	5310	18423	16445	1199	12789	48503	
796	27994	32013	24545	23978	47206	30115	47127	3335	
24562	31508	3181	22511	795	14130	33544	10126	11731	
30396	26302	40884	41301	29418	6406	48062	40265	32062	
16749	11516	18496	35406	11055	10227	43588	48128	3924	
3444	3616	33449	48304	29541	16908	11136	35694	36562	
46558	45155	39473	33622	2556	18519	46541	27124	39355	
21937	47696	30935	31592	7761	31995	14519	35925	35853	
5441	28163	21647	12874	29296	19267	28023	1655	48320	
28853	31038	2075	4294	32281	27486	30141	5093	13285	
19113	46741	44633	35371	4698	12685	44006	49620	12850	
21585	9142	3004	33326	37094	25278	36260	29715	36137	
33526	35322	41282	34652	9931	25507	6758	47406	42253	
22375	17962	8455	24811	28430	35970	3836	16734	39657	
27727	42984	33875	999	5875	20515	19740	24840	29613	
44905	15737	11480	49398	35597	26053	35801	3315	15159	
47461	39045	47942	48012	9389	39868	31427	2281	44579	
3671	41766	36408	35563	34328	37895	36964	7404	27283	
46571	9348	11892	48198	32755	47872	23567	26105	26355	
36756	42879	25207	13117	8721	26784	34322	22513	12600	
42102	38087	20382	16612	11916	8949	39196	48860	395	
34049	3715	1568	6258	15974	34898	695	10271	11564	
39788	17388	47066	47724	20320	22926	46559	28360	8731	
13689	15346	21508	12473	7687	3331	40680	26392	39251	
25916	9508	45021	3406	37081	23790	32778	26564	23660	
49903	34881	14982	16109	23746	36807	7672	36099	39238	
5084	35238	26219	40388	17274	11228	32158	6084	13877	
7604	32601	41604	30083	40814	37219	15908	40065	20086	
48018	8838	21716	34516	4394	7199	24611	30440	7202	
13854	48970	5746	42097	8863	18504	22622	47548	26732	
4913	15313	47785	38845	36848	44492	45984	5127	1146	
24733	48035	34020	19210	26741	12171	14793	6241	30808	
44821	11321	46239	33117	37911	31318	40498	31449	18048	
10128	12491	41836	2788	23147	26892	22735	34356	15893	
5560	8295	36118	15836	48337	27251	12134	15024	41411	
9026	35079	37564	11121	3634	42840	31028	5974	16871	
39151	45874	14674	37423	18508	41876	3027	7434	10756	
35702	27507	13096	15568	28650	8264	46794	22206	28626	
19464	17422	34859	5423	29670	10413	48830	43371	184	
24008	47936	30393	24100	33378	18403	47573	13846	9133	
49596	48255	20155	41804	16825	40774	40120	48813	16677	
13843	47270	15554	12	18699	1406	47116	23099	47025	
21063	32183	12073	18753	26328	45747	11138	18803	34948	
42120	9719	46778	19424	14854	18980	18730	7974	25122	
42932	35055	37155	25107	14501	3520	38940	27976	41868	
31580	20111	1008	35317	26947	16726	33430	10034	20558	
31504	5481	35055	958	36923	10393	23706	24164	1875	
5670	35909	38082	24657	45396	37570	35549	30098	20021	
37426	25035	13708	5257	46655	33100	40573	46600	31533	
27626	31858	31058	4489	25948	46730	22664	23843	26874	
42486	13312	47533	30726	20738	15482	11182	36402	42428	
48436	25803	29575	19500	44409	15386	1055	16071	26418	
39827	9401	16857	34190	23332	26810	45717	49790	33784	
32393	42087	49550	33233	41873	28163	33797	44931	37760	
24606	11002	7169	39090	47580	37867	9253	24760	44974	
41932	29898	49567	4585	28285	23398	16946	42097	46897	
23863	47557	1623	22154	12816	7678	26717	21205	20506	
36590	34545	12581	6194	36881	1135	41754	37797	16860	
40466	25128	16111	49050	35191	39070	14023	33855	1870	
5498	25948	32503	48477	645	47835	8234	6967	38500	
33060	39907	48832	5519	44517	46979	16279	48217	48189	
40017	27052	40072	18553	35746	35505	29470	1120	689	
7887	45111	2395	12529	44612	10514	2610	3149	7248	
44192	11513	22534	33196	46980	12539	37486	45691	3186	
15676	4295	42085	47057	14326	29404	18138	21104	16494	
7080	11171	27954	45598	48261	19868	2153	31212	39512	
33547	3596	35096	46292	28733	9079	32743	49450	15816	
3561	45854	29137	43631	47718	45961	35123	44731	23276	
24594	7594	29238	32816	233	37525	10013	5456	7407	
30629	16990	35122	38226	14028	33488	2826	31659	49627	
12301	9680	30915	43286	4402	22033	4147	13897	8038	
5423	48908	11341	21057	48862	25537	47455	4260	5975	
39953	29038	38632	4668	20994	6993	34180	1732	12752	
30626	23303	34093	27132	21176	46399	43178	26988	3666	
12592	23985	35151	11116	43381	25450	39614	154	31968	
3607	40263	42157	26181	4176	7387	28899	17690	26088	
47356	6856	45425	42534	45680	29160	45926	31101	32902	
39277	8521	39558	43489	25531	18081	38824	13132	10453	
43165	39737	34745	14074	2423	25128	18438	5188	17027	
23814	25847	29700	31923	28026	24046	30039	13769	30869	
29448	44797	8347	35365	36923	2568	15241	11626	4495	
49121	12627	3767	38941	21884	39976	13039	2524	10923	
21452	8841	36305	20358	37901	44101	20192	19342	30117	
26610	15195	46665	41331	22909	8063	8016	31629	46214	
3702	30016	22181	5006	35662	9993	2057	13851	39979	
25690	5452	42937	12743	43843	42143	7985	46651	41775	
38957	27057	16853	31041	25128	45780	11487	47177	19279	
7628	27097	44620	886	20788	24325	10881	24032	48128	
14190	39027	6255	21917	20211	22471	306	9803	36750	
11275	31641	33608	28833	43864	9415	17523	43822	43326	
43875	17280	30173	42331	27857	6818	33678	25702	15305	
24043	16427	4751	4547	2224	18858	12397	9168	38624	
10173	33140	24306	26842	47457	6989	21165	4562	38778	
21364	27565	43147	30648	30034	27332	30681	15058	13190	
36358	25081	26500	17689	38131	28746	24209	41525	36543	
11362	29999	1605	8806	32436	16953	48918	16276	40057	
19334	20059	5989	47531	8963	39331	10747	14388	8447	
10320	30544	33355	36523	11141	3145	49831	5821	32311	
46668	15472	18437	21400	31893	2403	29508	23463	17243	
29641	24208	31339	4112	28269	28427	34870	45456	46991	
48441	33123	15374	24524	9903	48654	22613	30487	41499	
7871	25647	1289	23460	26610	32284	22615	46439	14902	
41540	35032	843	40089	10613	14327	42155	12252	4773	
3111	2330	31121	12955	45242	42810	8418	36916	49640	
19255	4803	36709	35082	3482	45387	40345	32505	32798	
2940	410	46379	32096	12865	5481	1732	29033	8914	
29116	28408	7570	43822	24274	9033	20211	33825	45964	
42395	4245	41211	9905	48633	22302	33869	20056	17950	
22540	36001	22790	29325	38778	8974	20550	40776	25868	
26433	2789	27818	654	32693	27008	21597	33802	48517	
7692	23292	12792	13306	45999	46372	21481	27793	7938	
13212	6412	36247	33951	7718	25293	12345	37597	10411	
47908	37693	26254	17637	4765	37061	1588	21403	3860	
9474	22615	1426	10747	19122	39178	5954	12360	35206	
28650	22903	9812	34783	43677	17909	10514	7652	3741	
40826	14927	27365	38436	27246	18250	27384	15142	46607	
22369	46523	9069	23419	28359	32639	48325	33248	4880	
18739	41932	49910	2766	10468	23572	45544	11095	49109	
18836	20054	25099	39120	18850	11519	21193	4307	18044	
14117	9445	11657	48902	5130	8812	26894	21483	7607	
15417	40867	575	40210	9229	30779	28221	30849	19424	
45361	24473	45650	43753	28005	24205	9798	42219	16981	
32755	21866	395	36749	8223	38128	32685	19433	3265	
28484	20802	20578	24144	30524	7875	18153	39891	3280	
43387	8960	49382	7279	49309	41453	39134	12391	2762	
49027	39630	10103	5487	22896	12992	31739	35418	38560	
29836	49190	718	24940	18052	9738	41600	40278	41432	
31536	126	43811	40832	11249	3502	27324	45801	20527	
30953	45635	39389	42760	9676	10033	34014	26743	10088	
33826	41174	8824	35688	43938	42804	30030	27876	47724	
47128	49791	31031	19013	36784	32825	38137	42459	42041	
10706	12299	30216	46938	44725	4460	102	11139	41545	
12598	29207	15333	48305	2757	22049	12957	28627	37206	
7379	46114	46192	30030	2632	8421	7338	25485	10118	
12702	39381	19418	34031	46211	6056	19056	32296	21307	
36813	11496	42377	4350	21359	36202	45033	30622	46184	
31801	5156	38081	24458	2534	3711	27814	46024	24628	
49848	33933	48905	37918	37240	10755	39012	43065	33774	
20105	9523	49616	18536	26494	36553	45285	5270	33050	
2626	31716	16309	15971	24593	47086	46054	40330	37443	
20797	28061	15020	10688	30674	44839	19715	48812	7837	
44333	11570	2331	9714	2246	44548	41137	6377	44228	
9136	16515	605	16932	25322	13582	26938	22157	46547	
20558	30	2948	7558	16517	7680	45866	23904	4169	
18739	38404	25890	39202	1324	45667	34835	32776	21583	
45326	14419	28739	18316	34960	4944	32087	23820	804	
23320	40275	26227	11998	36564	3914	43642	29377	41687	
18435	5429	42885	9702	23253	10953	26650	26639	10028	
11019	25822	39303	16583	32442	14188	38673	7987	40959	
36652	38687	21458	12835	25653	33256	26560	10500	5571	
39309	27312	32459	24174	8689	7758	32862	25179	16717	
47542	31012	991	10205	9062	6119	39701	22786	22810	
47626	5333	40315	22352	6392	15520	24188	5638	17126	
5550	25406	24110	37245	42932	47128	26212	22603	31498	
38613	6860	35345	19131	28308	39448	4169	48168	28899	
41881	32393	12504	22166	3323	24026	10572	6416	23117	
23282	8106	14345	38453	37733	49887	34110	42415	40503	
34437	41429	18885	21753	40808	25557	45937	34815	21435	
16897	44200	7246	209	49089	21869	12162	39756	13379	
42807	20109	17024	38121	19372	26836	21255	1115	6528	
27252	13355	7765	48767	30883	10764	42685	6421	39151	
36884	27692	12975	29773	49097	43977	39839	18624	34486	
1202	20236	44322	37287	11432	8747	45895	7121	614	
28028	28839	32128	15514	29317	39849	45976	8840	18276	
45557	22908	10424	22720	35595	49819	17242	3798	45282	
39425	10089	37214	18246	23657	29743	15995	4317	41243	
20388	1452	12964	8615	23169	23801	17631	38198	27623	
9072	31246	43069	13857	33869	48256	42166	43251	34490	
23453	5008	30503	22030	32960	53	4851	29992	37618	
35706	43262	45981	44170	8077	33375	4042	34472	44565	
49102	39225	8116	7248	46585	30867	8731	45273	13405	
36279	29274	10149	28816	41258	16656	23178	17825	29106	
20996	8927	6937	44650	9807	33927	14376	4823	42450	
14567	32580	32447	25119	33336	35796	14640	41768	27384	
20604	12583	31160	38537	12136	24049	5472	38789	43849	
25356	30692	20349	43631	44281	14138	14298	34084	40477	
19450	26924	29775	44989	4295	7790	39257	35404	1179	
38616	4700	48210	36608	7005	36950	4918	8937	4120	
28763	3543	20272	10318	4123	1934	32616	7861	36392	
44612	43701	34734	43089	9571	2734	18617	40199	26733	
11416	5142	13720	44475	30495	19401	41331	45900	37232	
24846	21953	41383	4043	18606	46062	38937	43655	27297	
14495	18960	41043	42375	38655	14976	17552	9110	29813	
26854	47423	8237	10454	18141	22070	44334	5348	24020	
32453	30004	45253	21487	14794	29937	41006	38293	30016	
3872	10866	2205	22162	12578	18868	7199	26148	25845	
7018	48067	20130	46625	29183	47	42828	40330	19413	
45102	21086	33381	2581	21226	28018	20039	30104	46576	
17013	41624	48566	44785	1950	27127	34087	23157	28908	
9346	212	30246	9674	5554	12156	44377	12433	26776	
15185	19696	29834	4745	10005	41319	19851	614	32924	
16084	39711	34447	23582	563	18168	49572	38148	42801	
36517	874	40680	39395	13556	31089	30567	34493	14928	
24097	38793	12223	32026	49387	866	9146	883	36659	
39231	48308	6319	44688	12935	21399	41617	13471	17449	
20675	19100	13747	42335	47103	1930	32946	19671	46343	
2346	11603	21022	49155	16772	19369	35722	17732	43028	
34582	38345	24568	49990	16544	28139	15395	45007	34551	
48252	32787	9378	42673	17527	1939	47219	14445	32769	
5257	17988	26474	24152	47235	48075	5006	21739	36253	
41636	24589	15794	34841	36124	22803	18788	4932	22711	
20202	11853	49730	26984	9474	33552	28681	20211	2917	
43703	47206	6482	2256	20153	47656	6033	29911	21272	
3117	30089	35726	21939	40626	17506	18286	5928	45300	
28566	24808	22435	22033	16184	18733	39560	16254	19894	
29047	2592	20320	2884	20398	29918	17123	27429	48099	
4260	37486	38984	37017	42245	32856	4317	48499	49907	
39923	23941	24298	47107	38671	14164	21663	18586	30472	
29103	28559	24493	37747	17938	23155	28195	1761	37736	
16605	24188	30167	17147	43187	23921	20759	41313	36869	
32346	13115	3242	8370	22984	44603	42056	11777	44365	
12328	13289	14744	15601	17661	11722	11406	43971	44777	
41882	42013	22230	49875	6654	8350	38586	12613	9291	
49062	7025	26297	39056	13849	912	28389	35911	714	
47586	47942	4523	45194	16807	21464	22883	25748	10907	
3830	15864	24325	39357	25737	39048	6134	35639	24336	
43111	7753	49245	48564	14081	47569	20530	15731	9812	
47669	21350	20965	37925	31203	19177	26024	45592	34319	
47606	29079	16439	46678	40991	42019	44908	19667	16082	
26834	33329	6358	8423	17640	32117	22250	46362	29918	
18295	40872	20452	33510	32751	13325	31118	40962	21460	
25824	22296	37753	1055	34248	33984	5980	44023	39846	
31398	18075	3793	45102	43648	2081	25175	3827	19651	
5093	10259	4585	34199	6398	35276	1439	1872	6888	
38592	31154	31742	46297	25246	30880	30538	24834	8290	
45383	37235	30799	32252	37887	46745	666	49036	43608	
5601	13309	41603	29999	37448	44815	15690	2820	31078	
35540	4924	22062	48940	45941	9621	16787	38812	2701	
14580	12981	6560	11795	6218	13433	32715	39972	34316	
43741	40702	41275	38696	3479	49575	30159	36186	36643	
19001	27727	38116	10324	19386	32680	43718	15835	34849	
43547	29694	31179	31977	33732	31322	9059	2084	5972	
35334	29436	9836	27745	29963	30661	6006	24180	32409	
8325	37238	30083	39064	45842	10567	27580	18806	15784	
45570	20980	44675	16171	21873	25403	34222	30585	4950	
20741	43889	26352	7897	47518	37686	29728	22082	46188	
25504	42218	24461	16489	41368	37066	44344	48349	6937	
49990	47463	924	596	3193	20137	31409	27391	26791	
11345	18	10173	16586	15511	2903	47264	42409	3839	
9383	6889	45960	36994	5170	3810	42286	16924	18119	
28327	13924	10692	28032	23074	11791	4056	37136	27887	
1863	17664	2745	38026	21731	43660	8716	46098	36067	
35499	27208	12992	5090	8824	47354	38131	5095	36173	
22386	24324	15058	43324	11792	7607	8449	40164	20027	
47301	14274	43800	8383	46637	36417	26787	31588	49292	
45343	48265	25627	32085	31226	805	48447	39186	32581	
30823	4	28142	29421	15284	23332	23039	15043	2639	
13051	45094	35497	677	33036	16000	10765	19184	19668	
4361	26784	196	22340	10468	12278	43684	7697	9799	
39578	11403	29229	508	13361	16863	38746	25230	36518	
34063	41322	12516	17054	32931	20248	8222	5232	24240	
33575	42132	24915	21782	8789	151	38214	4661	37223	
47405	7520	37496	44687	22471	43945	31318	39982	48201	
6238	3047	17780	29261	39294	16294	17480	31882	16221	
11301	14544	16006	23141	6899	45973	15205	671	32218	
46373	34655	31264	21002	46268	12494	36350	26344	9160	
14884	22465	38632	8933	10050	40324	14533	24138	41662	
45963	49837	744	46820	27988	3927	9919	39013	40014	
8780	2368	1297	2313	20182	35839	10074	11806	44102	
27316	34714	24365	45935	6508	33390	48592	25499	22139	
40422	15043	15540	27652	15421	10050	36604	47872	49579	
38107	16050	3163	49370	1954	4062	42721	43053	14422	
44429	13434	30191	31028	32906	16029	19589	17477	21034	
24924	25899	41081	48136	23454	20230	134	9352	30973	
5096	30402	42576	23413	8966	2641	41965	23878	20773	
386	30994	14791	9662	41890	2768	48220	329	35421	
10428	5873	49216	31911	15475	35416	41888	14008	26810	
14550	6961	35654	38319	19558	16802	1164	47795	49756	
20364	47982	15031	34476	28481	22038	41879	24161	46903	
9922	32084	42055	27396	16796	13743	48134	32242	4198	
32152	41804	32393	26767	45870	4913	34663	31960	33843	
11686	8215	11808	46364	7077	5702	20807	7675	30187	
49312	48954	3084	34220	27089	14045	8310	29622	19844	
12276	43986	1898	3889	41192	13015	30721	13	34054	
3706	11843	13936	19731	16398	8441	38581	47112	46449	
33388	13482	38130	31389	39048	11641	8484	45049	16171	
49120	20086	46457	28415	37699	4295	16348	34081	25940	
20047	39088	21614	48920	35877	12792	10446	31959	49956	
45522	43727	18695	37159	20280	24495	18762	37264	36717	
21913	45424	23306	12259	49034	38441	14193	576	38740	
42543	20601	10094	19393	36733	38243	30446	16740	34827	
27565	49651	33648	2456	43935	19804	34248	10927	7356	
4147	34026	23169	25839	13268	22445	32155	11396	13280	
19630	47069	2821	13810	43713	47522	34249	18548	40376	
1171	13558	46239	1171	15026	49756	4863	22180	15731	
43283	26907	29529	29207	28421	48410	23417	4883	31798	
39723	17123	4909	36050	20729	22607	3576	12745	18340	
9262	17346	13610	49097	37367	10727	34098	34664	42795	
48372	38397	33091	24591	38639	9922	43553	11908	39024	
16378	17475	11919	18661	3393	33814	15234	48320	5867	
21287	10416	13109	41044	35423	34138	18290	22374	23179	
8521	33428	8267	32995	42299	45270	24748	3038	47243	
14597	26099	35523	46539	7427	32572	39833	26598	45810	
9194	2340	8882	48577	24774	15697	43327	7366	5109	
25368	49887	18186	19532	26314	9813	13865	14794	17561	
33195	17697	35390	47490	4301	13592	44362	7663	31376	
3038	33651	8013	2324	44200	38082	41171	22983	43437	
42000	18769	39413	44612	42656	37557	20878	36434	9395	
8071	5023	23193	2710	3755	31804	29193	42209	13276	
17759	32168	37570	3883	47197	46036	21579	28630	31792	
48271	49244	35223	15260	22218	2081	9371	24567	9668	
11696	10427	44298	43990	41589	32088	15746	9131	41369	
46036	37260	44859	12398	11301	17411	43434	48905	7156	
7582	8154	43642	22345	15496	19020	22183	8481	26256	
25806	44885	30439	32493	13930	40571	21486	129	13373	
11039	26057	21386	45960	20423	37916	31508	31354	8476	
16529	40867	47057	41853	39517	8940	12702	42421	23886	
11751	44011	6720	24002	29322	46642	5569	38961	4704	
45351	27919	37293	1187	18675	7997	31745	9165	34518	
49854	11977	29306	6903	38269	17986	33547	19271	212	
12052	30478	34545	5821	32049	36686	37364	22986	33893	
30620	28730	14623	5997	40538	18437	42700	13476	43086	
35540	18025	4968	24113	2209	9938	39868	28226	41299	
4906	18759	48690	12874	28105	24931	34219	106	17065	
9682	14234	39766	11419	29331	19131	17640	47838	16668	
47127	24271	24182	44731	4251	41177	21988	15617	19075	
3006	1280	32285	8649	5884	6844	36001	47339	7222	
49953	17370	14996	37385	4671	33709	26148	18464	32776	
40550	16642	10506	26315	20156	39425	30491	31952	14800	
45934	14355	46077	47640	4706	17437	44795	39004	33774	
23579	37844	920	48355	8237	10491	17654	463	25926	
42488	45103	11989	17272	18121	36851	27757	6021	16477	
29706	40203	31296	45902	46510	12179	35413	11779	49042	
49480	2592	31695	48853	49610	18853	36978	8797	28411	
48404	24777	43130	1081	46852	49662	48908	19137	6563	
18836	26593	39891	4440	30056	22621	30036	47455	16236	
1725	29863	36248	35914	31897	29673	42131	23521	39724	
34971	17747	38635	18971	21994	36761	28171	201	10125	
32834	40660	14223	2774	33274	6612	7204	23265	7584	
24092	40277	47318	26288	13482	31400	8660	312	30596	
22343	29381	46265	2121	28572	1493	47862	22514	4838	
21397	8917	26349	34348	3677	18116	25258	24223	25906	
20901	23454	15169	30927	18832	941	38101	38249	41691	
28467	25525	41070	12639	3261	10578	40513	1773	19657	
21417	43631	38356	13627	3866	26735	27052	45303	30098	
40643	38505	8550	26132	9342	19505	31679	26041	48725	
43130	8275	35589	6845	44113	22337	13170	2388	9806	
6656	859	12784	22003	48604	13338	38630	19953	32302	
17581	45929	29889	31330	11046	12725	31362	40942	31243	
31711	5710	13914	4425	45322	36981	39074	16297	14939	
10564	26550	12464	740	29961	38844	11512	3729	46860	
31740	38484	46570	24948	44173	11567	44710	32729	1043	
39857	44455	35616	18141	14909	29447	32706	23103	4001	
22195	8454	31629	27849	32171	44630	42879	30596	27055	
12812	43191	24921	28696	42805	32171	20050	10326	37188	
10187	15478	46628	27426	41379	18246	43164	41760	31180	
16546	46805	30236	32500	17504	13637	17184	19546	31923	
35992	26441	43400	13814	5070	49637	8379	37535	10833	
2870	33301	20311	5601	42084	36613	23027	33042	32403	
9561	37000	49004	41845	16396	39636	35842	4611	35673	
26733	36750	24364	31748	4263	11667	12702	20510	47441	
41351	33262	18412	9857	31116	46654	38859	40599	40905	
26610	25020	41992	43127	42642	33153	25964	34934	29486	
5446	1715	6436	38713	46500	2548	41447	42750	42460	
34684	2279	36680	36921	5844	25253	8087	2595	16471	
28324	20300	22877	21301	7550	29308	22299	44206	23865	
29688	10012	4045	6729	49865	25294	34394	26280	41968	
49173	4877	10451	36659	21229	27045	8719	8196	25649	
2472	28965	20076	35552	46007	49053	46538	29705	41878	
29677	40274	20648	15571	30054	41650	8316	29221	2977	
49718	48218	33335	20868	373	48197	32706	9308	21972	
32911	49285	39689	13643	40028	39827	7474	16746	37214	
1158	47705	24637	24002	20843	14228	1170	7578	6055	
24304	3195	16555	48520	45081	27350	41806	8266	23517	
26503	18385	24081	36369	16135	37673	33394	11701	15974	
3700	9467	48593	47185	22828	48696	36504	30445	40744	
15781	961	5226	15916	29682	27040	15562	43532	48038	
37242	32628	18960	32982	25349	9467	4870	6117	22795	
38157	40997	25432	49092	4700	10627	42027	22929	12034	
2952	19430	35481	16364	35213	23335	12450	47231	23799	
14538	16491	6541	18353	2929	16488	16979	37901	45337	
25305	14959	23099	44991	32566	8599	43675	35520	33996	
45902	25078	7188	33921	13509	33465	8252	22477	11365	
33010	29209	4074	23524	4674	2774	28711	30495	40452	
27428	2656	33396	2148	47244	30135	35227	8817	45934	
12468	49602	41813	37838	6366	32212	31635	13714	17808	
5379	15540	24113	33155	20976	30043	8167	14034	32029	
27307	607	7555	18339	29563	24808	48403	36430	10552	
4681	4399	39080	18096	3242	42111	34852	26831	20628	
13976	32836	35191	9410	43648	42981	45685	40020	10976	
27287	42538	24049	13334	22213	5768	28313	4697	27561	
25740	37419	39176	32195	7259	47699	20477	21890	27316	
288	33901	39608	35462	36204	12398	43539	10953	31162	
13300	33208	15697	43045	7230	38958	7027	29741	5797	
45122	49453	20224	29624	42203	39347	46669	43259	28372	
31739	20390	8554	5594	33167	9490	33069	40689	49746	
927	15026	36645	4446	4901	11455	34521	12707	34322	
31008	41200	30364	17199	28057	3344	13050	24747	49631	
22871	1057	23025	11731	34203	18763	30928	6631	38696	
2650	42338	17652	16476	47038	45241	43065	11043	31501	
45638	5600	6941	19145	29053	49216	45798	39706	17443	
49558	1054	46581	4341	39827	6738	11863	26027	28501	
10486	48429	1538	10523	46251	23091	49378	48508	46915	
6	13627	25525	42192	28259	7428	46045	12056	12758	
6493	36572	41090	32523	552	22554	43976	45364	35539	
33134	7539	43068	4266	10271	19593	46132	18518	23854	
29882	2108	20219	19294	13508	26639	14651	49240	32096	
1179	33410	15899	13010	16607	9969	25609	41983	26607	
25674	32125	39389	36	8919	20289	15568	36277	45410	
6569	25449	32592	32215	8058	17777	17655	33541	6490	
49331	40223	20930	8846	9336	27037	5763	31101	24515	
49063	46868	6670	39944	10050	41009	46149	46147	46556	
29142	49842	47684	3421	26167	49735	43545	23836	7045	
32395	14686	17977	7077	19389	39006	49366	19146	6802	
29053	2907	45751	40390	12839	23807	38632	27916	3001	
41270	33826	15319	24664	16175	14915	28145	47304	26743	
12330	4909	40933	31205	21495	23918	1918	21646	47634	
88	18731	7980	10044	3373	22946	46192	13676	25317	
45822	49840	20771	45316	25752	48984	30455	23150	36915	
35476	49018	19377	34411	8786	8740	20059	36230	11350	
18098	17507	37351	17538	1060	23506	26267	15308	8431	
16639	49282	44591	8924	256	42856	31466	42866	22642	
29348	32227	46294	35961	46439	26341	28282	45522	5550	
22423	9311	25958	49616	16239	3462	5850	5412	14847	
2293	47368	924	15887	43181	22488	42883	6126	19934	
12386	24899	18310	18542	31501	11502	10349	35790	2879	
18330	5969	13614	36375	33837	10820	47013	36193	2824	
43150	48256	39450	17107	43078	25314	12209	33594	49575	
7214	4622	15139	9136	24206	41701	14478	5305	25505	
1290	46504	23015	42470	5858	19256	36881	29981	29546	
18931	37478	43875	47161	19168	34670	37203	26614	9995	
2043	33172	41391	16711	1533	7538	4561	4005	2261	
38308	996	35677	32702	5510	19236	35186	30194	48909	
9655	17442	26891	16399	20459	37075	36187	10994	38072	
23509	28704	19097	33472	48203	11879	27977	41069	44289	
2252	15203	21634	23997	4458	17864	35905	14139	36054	
14382	30367	4956	12169	26750	11837	32676	29140	25966	
12348	41057	11065	48537	20951	42274	8464	6793	33961	
22407	13024	906	222	11887	27522	15331	12978	16186	
5002	7565	24844	27080	46236	22007	37527	9786	19545	
36703	42790	36305	42080	25826	16262	10236	36541	45715	
40640	3453	2482	27210	9828	49868	16232	32198	40648	
16647	48450	7102	43552	48217	13470	41169	29064	3264	
39428	12331	1370	30202	23227	28531	15707	1240	9470	
47197	1057	535	7349	30816	24779	36605	34602	21319	
642	24385	2568	41150	16937	7257	31449	3763	36117	
14281	9758	41482	42618	23033	37130	33367	40374	23295	
14440	41069	26599	1962	20387	35351	43413	44440	38546	
21185	33835	22838	23967	44171	3775	16340	23417	36120	
16511	33977	38255	32622	21252	35155	44076	20385	42372	
18278	6149	47185	30811	22722	4719	2203	4286	14507	
9217	49630	27806	987	15488	23233	11081	44836	35050	
14863	24417	22668	465	14536	9593	48622	25909	35046	
37353	8156	36942	28820	38006	22462	8611	29918	6778	
38700	25916	28899	10402	16473	5659	13427	46538	5791	
43860	32430	32606	36837	27625	16564	25568	16865	25722	
12887	49231	4573	46771	16464	30619	7179	29187	6786	
22015	20605	1947	21768	10186	8005	30185	27167	39393	
37025	34731	14216	49718	21023	49645	33309	7300	34644	
6781	46506	28038	48996	11498	6717	21264	6776	48505	
46379	5066	32677	31960	33353	19703	49295	38906	26996	
40753	43988	40005	42091	18514	6883	16749	3517	45268	
35412	29143	49469	26886	25623	22926	15972	10453	45679	
40431	10643	44368	11741	24090	8339	22526	11657	26717	
26643	39190	46674	17541	13920	6004	36544	48159	7811	
7840	8341	17355	46924	48923	14254	48973	43564	15879	
48706	21772	323	9255	10100	15453	28339	20011	27532	
11826	49974	2636	47704	15224	43851	21402	2450	31229	
14928	21292	2144	17741	47539	251	25247	47499	24080	
34229	49411	46059	17315	31623	44377	44350	38980	18691	
22014	9827	2536	32490	13778	45319	32958	22856	20947	
19570	31221	40086	7904	18652	26471	9769	33823	32171	
23535	21447	43013	13439	28702	32549	9294	27637	11512	
14258	4692	26993	35410	40829	37728	17117	15040	48905	
31679	3479	33037	18446	38098	32148	24077	1789	5864	
13807	9052	2404	1164	45166	37135	29934	48613	16755	
18565	33054	38899	21261	5995	36753	23271	1359	7161	
35537	40115	1199	36710	19165	43990	10544	40020	32488	
32413	15662	46796	45892	40731	46005	37252	37985	329	
30761	28730	17028	30584	4332	15508	32729	9760	24797	
19679	4877	45288	44418	35839	20504	38612	46272	27469	
26004	15023	36059	7773	15870	13723	3134	12809	44565	
8457	39865	49700	13094	4033	33308	27774	6870	29029	
18369	5434	36370	19992	6416	10529	7221	17481	28438	
17106	21237	19216	6831	36306	34960	10666	44876	4234	
27298	18417	47902	24628	2800	6570	15319	49095	32151	
11556	17463	2788	6401	35610	46382	38305	6586	44264	
4611	25581	15180	38162	21016	10694	21043	44493	7701	
1268	44385	48368	47162	11394	33288	9445	23602	23813	
8409	34156	37620	2195	7364	48743	18203	11353	5382	
43552	21190	28144	13805	33805	28185	930	32969	7185	
35053	40394	11051	3558	44012	49472	35441	47124	48401	
25313	8165	26326	24197	40995	32007	41858	17321	39831	
8774	17988	40815	109	26384	47640	20932	3041	36257	
16413	6244	11739	47609	25990	28763	44060	40199	12105	
31197	47086	22105	27506	49387	6104	34078	35131	13955	
45860	27023	31885	10295	6879	14220	48273	10889	4765	
24788	44226	19059	5150	9989	46449	38223	22226	28936	
47562	5675	23605	15232	12380	5015	49350	1168	11647	
46222	27957	970	28501	27460	47162	29700	8009	17732	
12293	9358	45117	24347	86	38792	31223	34336	40683	
28865	4826	43854	35674	29599	26451	14631	45015	717	
23193	21539	558	2235	23244	30327	29113	6618	25636	
19606	42717	9091	25571	36121	29082	37664	40617	47405	
49909	39401	8106	30831	29912	44554	49039	13189	44431	
35064	18778	49784	38325	19033	39920	7138	34084	37721	
37551	38436	11875	6593	22304	15600	19398	17069	41461	
7272	44318	408	43426	16596	7114	30437	25913	17935	
7178	16538	13119	6595	29901	13598	32221	590	47643	
361	34493	8512	22340	2844	31383	2585	42622	14290	
40829	10962	3151	38311	14138	18312	9131	6697	38763	
38777	13668	48537	37245	346	20884	12121	7683	4748	
12560	16293	26016	1840	31131	32709	5411	42665	26820	
25653	33126	137	1776	911	30100	21527	8977	40309	
3627	1669	38729	23431	38406	41101	584	13140	46262	
28082	33492	6409	19900	8637	1942	27045	10970	33620	
11022	11882	27739	46907	48073	16995	22722	3758	33842	
45476	15569	33439	40942	23369	21515	35094	12365	25328	
30698	21043	37948	26512	8685	46463	21525	32326	13502	
39563	46645	12566	49453	21328	23608	41514	3097	28871	
25705	20536	31678	31432	47370	34805	49254	3152	42167	
20608	30944	41644	23364	44925	30545	46393	34898	23718	
31814	46124	25575	30606	28784	39135	34319	22383	5380	
35687	19242	33036	9673	16500	38397	12754	43063	46446	
14977	13543	9723	7440	44849	47960	46626	39691	29111	
22560	29413	5241	39639	22645	24489	13015	289	49797	
32606	19284	41694	38829	44258	42718	12339	5698	2215	
8049	3877	2937	41508	7408	23353	34148	2122	43388	
20234	4158	34832	42918	1052	6392	45332	6004	39442	
23987	47127	28404	14387	46257	18385	12247	34548	27051	
33127	3763	31382	36570	12035	22085	28957	33190	13204	
18240	23239	6880	8153	28383	28644	20770	13395	10320	
24702	2392	22893	27406	10633	11251	11698	18861	637	
34159	6105	20578	17730	35015	40611	25478	18905	10520	
47006	47487	9490	28424	45914	28171	29444	49826	36079	
137	19451	12154	1715	46213	49633	24344	33254	18479	
18612	758	31748	6274	5884	35488	42315	17138	35149	
43492	36884	9824	31521	20242	41562	43443	30404	46369	
28951	31743	20832	38868	20723	16671	31099	25496	20752	
209	39473	43838	24129	48574	17829	41649	22368	7843	
41029	30043	117	45107	19775	16068	43689	4083	39889	
16233	6700	39462	15681	27559	3195	18812	40342	7710	
23477	6316	41090	40786	43027	17249	21925	40280	19799	
7344	1805	15856	225	36083	31028	5431	29187	17965	
43645	49147	34327	842	28742	6805	29988	35358	28375	
45352	11098	24550	44966	47878	32294	17719	15983	20828	
42621	37582	38752	889	21109	4771	3120	38150	33549	
48816	14912	7077	5754	19522	17848	21933	33665	38009	
46872	8087	25543	1262	20596	5908	46662	29435	5756	
8687	11686	19836	11411	11240	45184	46759	45772	20703	
5458	21141	43420	6091	42120	49176	45770	38218	32616	
3888	42549	46457	18130	48793	7126	44020	34057	27617	
33521	48212	5450	9258	7840	47292	2730	1934	22065	
40457	27925	25655	12870	2559	26819	7045	33404	71	
47290	35616	40751	9894	39131	45496	6964	17549	15714	
11722	36433	46344	22772	25175	47383	44046	34605	35133	
396	28633	23068	23602	31695	19714	19616	453	23999	
7118	15717	33401	22842	33286	21971	1898	31067	40973	
31215	39073	39386	12861	5971	640	25761	4626	35503	
25006	31482	48014	32810	23469	46672	25487	16897	14730	
13114	43074	592	42657	27165	2847	29250	41426	566	
1735	40641	37100	11997	8118	41356	49678	7149	42859	
20016	34702	30158	16248	42624	28485	44182	47528	325	
36004	23968	18426	4983	25528	28203	37399	2749	19065	
34443	16032	1065	42659	44473	34249	29335	25603	42882	
45827	28597	12670	16671	805	40529	28366	18724	36393	
41067	7306	32905	12818	38975	29778	23660	45847	34656	
26514	27901	12369	9549	41807	21965	30762	41389	18945	
21510	42456	15653	47112	47116	46384	28545	33732	13421	
12798	1744	41417	24628	28060	4332	3474	34139	46927	
2130	7144	1176	3944	29801	8521	2208	10480	6010	
18310	29932	38946	36993	22450	37702	20800	28762	26634	
12163	9903	3370	38848	31931	37733	39474	28939	45100	
12063	32487	29309	23431	35702	44746	15780	26016	46747	
40872	32696	30193	7036	28722	1326	12601	40303	1220	
25642	38127	46547	49384	34499	39556	44315	41813	24319	
45798	17315	41078	41340	41427	17030	2144	17434	15397	
47809	23318	48661	31733	36071	44881	30495	29981	10155	
15826	38916	38302	42363	23984	21310	6926	29758	9801	
36341	44878	15340	9159	6761	17678	26077	45485	24330	
38966	29396	16499	20794	13709	34724	45924	44078	15945	
41565	45406	3685	8760	10767	7033	24444	39412	10471	
21742	22552	17309	13323	43874	43111	7776	46539	47273	
23100	49298	21350	43187	18942	27133	43416	5293	12644	
11104	30736	22189	35639	40339	40680	22583	24356	12787	
32616	43619	46600	12380	17787	37528	12777	31543	22937	
37008	11068	21972	19262	24568	30574	31435	43286	26234	
11515	9406	11144	24844	36550	39384	2949	13309	2261	
30655	18681	33120	34898	27376	32253	18411	39378	17719	
45279	40936	45711	953	17106	26180	41794	45239	22688	
36034	6734	43942	14841	38249	33701	3328	42467	8020	
6390	19404	1278	32042	18182	26703	18650	10274	48020	
26901	49050	25813	32088	30002	31725	28115	45384	15942	
37153	49929	32169	49414	3798	3212	49446	5720	41797	
24402	12464	40507	5061	14260	6358	11094	8450	42706	
2937	32354	41479	13878	46738	24805	5182	11780	49352	
37864	23723	21788	6145	5955	7208	48352	24394	20394	
17391	24214	26882	24748	12732	31441	20086	16601	24438	
29561	40962	13439	40007	11179	21389	15534	45866	30320	
34389	23588	5646	23839	11100	44002	25679	21232	42663	
39521	34223	13111	5983	8148	26077	23707	27533	48058	
49054	7662	24153	41345	33904	16483	35011	14490	44295	
4909	33701	8244	48331	22548	34617	14818	38250	11069	
32586	15171	49813	2289	39904	24211	7948	37438	9763	
26705	277	2923	10201	11739	4964	2936	37571	38528	
24585	14153	33637	41359	2476	42905	45357	6538	23199	
30080	41380	29122	23605	24121	24364	32204	16151	17367	
3151	6671	961	16114	13866	4143	18228	39665	3999	
40960	17495	18691	18553	46005	45422	38256	2282	10213	
28540	45729	7146	20539	2615	18989	18945	36187	15144	
15200	42308	39981	2543	45432	8009	22610	18644	45494	
41748	32624	15975	38281	8354	49936	6479	7915	20626	
15690	3160	31038	26706	26300	19265	35514	15179	24425	
26534	31919	1896	44769	49112	38084	37599	47449	44650	
42012	386	46794	49193	23485	12163	18353	37382	29695	
43008	41951	24567	25165	42636	13566	12369	11312	12967	
33912	4257	35955	10872	6441	42720	38067	45136	2676	
44560	48104	6734	27617	35931	39198	46509	43051	13608	
49567	39193	31609	34115	21392	48004	9349	7217	26553	
28728	19673	45422	24452	37454	16412	45935	22308	30959	
18897	6746	33199	23859	46799	3355	2151	41527	17561	
27674	45650	32903	14274	15720	24773	32221	6729	15661	
47418	33712	33547	22708	19758	18373	28115	32505	42393	
46851	46227	39517	21394	7478	28162	32013	39642	33593	
3062	10182	8696	29094	18415	28971	46579	16425	2421	
42161	1706	45949	42120	49323	18376	30805	35009	22122	
14020	46347	47058	11617	13631	8161	34840	13047	11591	
17791	14663	39720	6282	40170	36480	32535	27756	1869	
45380	6728	3767	24234	38514	12371	34531	30387	235	
10201	21440	40275	23269	39361	20146	42740	48731	28577	
13233	8708	32802	27379	22847	34563	22902	8879	8577	
29731	1109	20712	20913	37606	27709	35670	5560	3801	
42627	28615	28968	30861	7608	31226	20343	33420	46929	
41133	497	32955	19422	37007	42821	6119	29726	26175	
36665	25775	11431	26326	48540	8737	40086	7834	1316	
9354	8730	48323	16860	22915	23904	25958	42308	38009	
4825	3128	5377	1854	43642	26964	19006	37708	9493	
48343	30576	28336	4283	35914	36114	4718	2871	36698	
4739	3958	35592	9833	33678	35493	45830	35030	29135	
19671	30553	22287	33399	37779	46539	24458	43408	7507	
40129	29190	41162	23025	33356	31838	31250	23610	24216	
15882	5824	30005	33910	42450	32325	12478	8881	25450	
34264	29702	10448	43953	10413	2481	49843	18298	12653	
11432	1455	1571	27847	32618	2174	12960	34016	247	
19488	14553	26155	10511	46320	8183	31995	5548	5281	
3843	12990	1687	20272	36242	20912	976	38107	31058	
5287	68	8096	47498	42051	35549	2359	48648	28682	
