250	112718	38661	161750	117003	95976	70059	179195	164570	149323	
34822	171791	142102	102708	60799	2996	18280	72891	29463	
33180	197708	89139	23817	933	1782	75577	106334	114238	
120354	121435	33247	132611	90159	70425	11408	121538	156666	
160523	103978	60390	175197	145337	191183	185146	107872	28468	
92417	47066	172450	41920	155933	168733	199362	199942	122301	
78488	53243	59457	168031	4748	75174	18525	135443	11243	
1757	183761	55178	54580	117583	138238	167524	145300	96989	
41072	148749	93693	91593	189834	148889	21656	119811	77048	
147003	121795	114482	72268	30311	45021	85032	160578	103422	
198001	150312	69113	33796	131463	98381	12708	139954	100962	
29499	189919	28315	181026	138580	60610	85312	14075	193325	
136639	30647	175453	164338	116411	38270	35579	163441	95054	
31111	100785	146405	81119	55916	113750	136450	151172	144385	
95060	24604	73562	166938	7019	103404	132598	85245	20936	
189870	184279	109911	69198	94346	74997	169398	63375	91221	
54378	196597	59560	147840	113457	39198	152265	167891	79532	
100181	178035	5493	198928	114519	10101	106267	38814	168611	
125353	131524	39570	168434	24665	21985	148627	62814	188216	
57217	67263	28053	146619	166926	141602	120049	149445	50545	
28895	323	12201	161250	170527	42116	23121	110643	2850	
22754	90903	150446	137231	108690	14777	87345	40388	139245	
58071	87339	46486	115575	106517	125738	32038	100828	192611	
139154	184963	37990	67190	35670	199038	91489	199606	19501	
125036	18879	87546	186306	9686	178926	58004	45461	153815	
82144	40394	125616	120830	90324	93272	119567	126946	170961	
165760	124956	144183	113152	75027	36854	147583	111028	181020	
48574	37788	120946	139703	116924	70260	98893	16077	148151	
122411	124078	138226	160908	29823	115209	173549	182314	122942	
145539	8642	133557	195309	63003	113841	61166	34785	21711	
173811	170247	148865	30976	65383	15869	15320	128198	164003	
109019	89652	81797	59750	93113	100242	30531	64608	147602	
62777	165339	191818	174672	145007	60012	188802	25446	13147	
156995	104918	121929	191225	14453	175130	130773	64425	20960	
101011	45418	58059	183999	110234	132562	22907	98509	75827	
99363	158674	101854	76474	137634	106431	121258	79038	1178	
141577	20124	124615	172652	98301	149469	99382	76022	157075	
110564	71420	191146	126171	35316	74850	26325	148658	190347	
122399	5566	65969	11182	127844	26325	169417	172865	119378	
144330	170796	2935	25294	141583	123431	43513	13190	33784	
124822	68197	63882	73514	132202	160481	161378	105308	122222	
159638	180123	28962	126037	80484	50740	27308	171040	13233	
85563	114672	60458	109612	45113	62270	22126	161610	26942	
56850	157624	179048	157929	148761	123046	72226	171333	45699	
172719	45888	49910	108482	196969	10760	16284	104936	85361	
18933	51760	178310	46553	29310	25019	186330	16022	9418	
11743	67282	182943	79721	86557	189236	167439	106847	168422	
138708	79538	51833	866	105119	190963	79740	48220	117113	
51027	136804	189059	87101	178047	1434	188198	120312	157233	
115337	28486	44466	76602	854	83585	16449	131988	171022	
12970	162214	132415	138299	160542	106029	137127	28553	137903	
145581	155549	6213	173738	128906	141315	17090	110399	189584	
11755	54995	29035	196359	123998	58449	184499	73508	138910	
43727	31184	48110	104289	180458	21283	180532	88346	16022	
156422	34358	194882	155176	174080	42128	91325	750	150129	
22809	80942	62228	198526	7715	50417	37855	49538	30702	
124065	177077	187820	39131	155933	129113	131353	181832	91093	
184261	132836	30152	127270	113909	84409	188607	108116	115715	
107292	51058	79392	70053	7324	159052	39302	14057	77884	
118151	14185	39534	31178	128869	90867	120861	139471	88260	
136896	79306	167146	118444	39918	189895	175203	78342	197494	
37062	179146	114891	88413	125469	141705	9924	57113	52040	
81528	179067	142041	145691	179213	78714	79483	180776	61721	
77622	114116	70712	146741	149073	147278	147888	27863	40034	
54519	136090	182228	73569	103532	21876	181490	40614	103593	
130969	87705	137530	18085	15912	15155	5560	71017	61446	
139459	28535	78970	13568	135150	144989	39741	138806	123144	
130981	108800	19660	109074	9924	194918	92808	193997	145575	
106193	135986	138562	74423	77725	9991	161958	33912	12164	
62112	156898	42494	64382	96934	1831	87974	101573	121190	
151709	80216	69961	168532	188467	124664	199459	10693	112572	
172713	77353	61282	56844	5340	122515	78238	3723	6207	
91141	171590	187356	80380	145459	122320	161677	175087	116521	
119005	15802	158637	92442	118126	117888	113841	163215	134552	
68716	2044	53463	68313	46419	154206	74350	173976	23371	
145117	125787	178792	36604	107115	180403	156019	193044	39473	
180312	159486	190682	169764	178072	125744	37092	123388	52999	
50130	146442	157624	34187	142780	96189	16297	161311	171071	
24927	61495	114665	94596	152411	38374	145557	199008	3070	
129528	138330	34828	14423	54995	135327	167787	111333	74246	
155903	46504	127648	46333	40919	194210	56350	4577	153846	
30366	9393	1849	69717	128777	68649	82914	83304	18134	
109038	139856	67599	131506	175252	107097	114006	10797	93156	
51998	85361	172670	97318	17487	113164	141882	155695	172847	
170112	58602	172877	128985	149372	165730	153126	174385	181667	
182509	104393	88035	21528	70804	164613	85544	33967	170	
131494	154713	12744	17963	77133	136780	161524	30818	28571	
9692	69229	3711	195687	129528	10730	182833	127496	86344	
4211	48519	78391	130804	156379	4565	165211	27686	126855	
110082	196701	92686	42958	60140	156434	68509	96122	121606	
20502	196890	151166	30177	91282	142328	199752	155103	128332	
124242	189223	137634	57961	113433	58077	109648	142474	49288	
109337	98527	190414	133966	153034	124676	89152	159754	149109	
197787	40925	125896	181966	118261	183681	101109	97880	89945	
177870	188082	36586	50392	40602	146100	188228	125018	8270	
128271	6903	111272	108897	89268	12274	199209	25550	120183	
10071	34559	132049	66488	63192	130718	82108	85502	44325	
135705	33290	99510	101530	160548	87015	903	67898	75180	
25715	165467	146662	178230	128668	130120	102897	146796	147437	
191421	93168	72653	22437	180934	164247	90958	21735	173891	
152277	7825	83335	187227	13550	32972	42256	23383	118224	
23670	123656	116021	138061	146314	183132	133947	59701	161775	
75638	199502	154505	40883	34114	77652	36244	116198	39125	
192031	38051	76346	60799	24164	39631	9247	154236	152210	
176210	354	89725	85276	160310	92271	98973	149878	47701	
111882	18549	184408	178768	171406	11926	98179	126409	149445	
151215	51149	181984	158399	39924	110570	10248	104436	158076	
140832	4809	146350	110674	182845	175111	159388	61086	78989	
96379	10516	130395	170	153718	151239	43947	30952	11505	
134124	6537	69174	139575	159632	87253	196347	127111	59060	
95396	174873	15857	20197	28645	28602	183602	61746	74765	
162770	9326	162843	48000	179579	51302	53872	41603	45876	
169233	174971	177541	168959	121856	8179	34706	36750	71182	
89854	37013	178896	124609	109270	182338	104521	146131	199868	
193868	173488	168043	29334	74881	56875	34193	194753	148365	
143323	6177	129009	162544	147187	163636	24927	143781	75015	
129968	183089	177937	6433	154700	89774	1513	45723	83695	
31318	183809	100340	48574	150898	181307	42696	6421	154236	
45650	111321	161280	170405	66323	107787	198361	173872	129376	
45546	162562	74210	73379	6994	112261	79575	23957	64987	
179805	40297	188039	25013	169868	178792	89115	44423	126952	
112016	124810	84732	3296	172829	27924	53481	58395	136334	
112291	191769	121447	157648	84543	163679	147895	27155	103306	
4016	1397	149665	66775	180428	92454	153583	10101	126196	
4834	136487	193820	100090	141278	53188	164472	129327	119445	
52724	168849	92014	149634	70321	2899	95310	125298	80777	
76724	5523	57766	119372	176778	86435	186312	76596	106627	
2014	194851	173042	87485	139929	66592	120470	99711	111925	
7800	75644	46608	187472	171907	192825	121764	116796	15290	
81406	61062	99717	16010	174959	60854	156306	186580	117687	
43245	55861	112145	174886	50014	60281	145429	173323	46217	
38142	89359	178072	114867	5755	199051	11847	123839	51387	
33967	23224	46297	98979	191964	9857	15924	67532	55947	
103111	98112	82456	184945	120214	58431	95152	80332	190267	
109673	166987	158888	160334	118572	174019	63613	187838	53585	
188668	143756	25526	154981	94578	35182	5334	8325	90958	
172462	27222	2893	42555	163710	159443	155933	131701	59750	
156287	184304	168428	48525	99754	4602	15143	6177	71243	
143066	81961	36085	59585	36421	148981	26948	11646	105125	
71774	161347	31764	179976	26362	5847	36287	163618	49843	
114141	69381	107988	132983	174153	186507	189059	21039	30647	
111595	160053	179030	14502	174464	164485	77658	109758	134393	
90189	56277	189895	196432	145612	118963	54476	26392	39589	
120104	97471	71066	45986	95689	138360	189632	134228	196517	
47505	102714	47164	179610	96873	65292	107500	114159	67306	
69632	33845	58034	43855	184566	147937	161402	130090	137341	
54018	153376	12885	144354	171815	68313	8874	96861	4156	
167640	123705	108116	120812	113738	155475	128008	139349	151990	
173604	31599	84702	157294	4284	87674	8429	101262	53853	
13654	48970	196414	101292	123107	14203	73501	191109	172017	
67495	48378	57906	10193	198544	34492	13782	44026	60183	
157374	129925	16736	52553	27296	43507	112517	35652	126458	
21381	90745	151770	66763	11481	56502	138861	174654	113518	
173701	16242	159083	199936	127001	123772	118956	118627	38850	
195779	46303	8459	47811	51027	81363	158991	54494	180013	
75888	145514	41298	10590	120916	70797	72250	133624	195211	
44728	179158	69394	190707	133026	40333	56472	71090	106401	
58199	43996	19922	21344	141870	168763	134375	163832	1153	
98271	120928	187069	58126	121166	149384	174770	182448	166023	
121184	60976	156849	30024	108525	137811	78928	198642	20386	
82321	5487	137488	51778	33802	45729	37800	172444	152662	
9521	96647	11230	192251	16999	113097	192513	114781	175734	
81742	80631	82700	131707	164674	189040	56624	445	123254	
9888	131213	84391	190902	120794	40175	82877	68112	124627	
161683	970	21052	78885	55373	63357	164851	170704	62307	
39534	112938	93815	199026	86649	73697	83756	76975	116088	
175551	67483	78677	190212	101829	83719	121660	155353	16730	
30238	41585	17469	63455	94364	125829	66555	15863	122906	
28565	56142	164997	87815	198886	44191	21467	103801	52919	
1471	115251	154114	21503	193844	73886	180800	104344	44533	
60525	95695	62124	82883	152949	168324	77823	85495	144837	
146985	18280	16345	150617	169398	127563	71927	95005	18879	
83060	37672	68625	182680	45863	62063	30854	68307	36457	
54458	41188	34492	67056	13086	100383	192739	161854	89292	
182601	35853	96385	94419	139850	49721	187343	55489	59908	
164491	163929	125982	159016	1440	52193	57906	190597	171895	
103489	141504	51235	184212	98252	18708	165199	15338	56527	
76773	128655	103019	86307	28144	194998	14923	1037	182961	
82334	151069	37532	20343	84629	135589	105485	164845	167439	
54299	99900	174092	29798	194161	107677	44136	13349	40925	
39546	38582	39906	191360	118700	147760	58877	135968	157227	
184267	185689	168867	51796	21088	12378	180757	29664	178554	
71884	191341	76315	66293	136914	177510	76022	86655	134930	
53420	96568	105571	160413	158826	149268	97337	165559	111809	
55758	69436	10828	182253	152582	73697	56478	42250	64913	
10028	176326	49764	80765	28974	175056	121624	156733	39369	
90342	152356	86667	127294	160914	34889	64535	192642	141882	
39509	172578	9460	148645	7208	26166	16474	110539	113793	
106602	43776	15436	60922	12891	82254	26740	50338	164131	
101756	53743	197592	183309	24348	56887	141394	94187	58950	
68930	105021	162226	103447	13464	165846	110881	20728	101915	
189339	144623	94785	90262	183779	109770	73056	176875	131945	
24506	101481	22486	55959	109294	158259	73837	171626	148871	
92771	71933	88419	117186	75809	126409	111522	96519	167335	
37141	1941	21851	8124	44356	51192	82059	141522	88547	
26612	108812	171358	161329	43654	184768	62673	28645	121374	
2056	191116	107451	77377	2478	47414	177144	118493	30518	
3308	107042	183345	130548	44893	81113	193166	19416	79917	
101225	67062	65682	125085	50154	57992	106706	179738	95616	
65634	134918	92069	116552	82553	184462	24195	132946	29737	
49477	22315	20405	137903	165290	98149	90751	130688	83701	
127984	19843	166121	73727	175594	104008	192458	78940	145142	
126122	74826	162684	170515	12787	148719	72476	47121	163795	
156745	54787	112645	34944	24848	151423	82761	55886	34193	
108842	48250	63723	45015	131610	139685	134051	128668	11206	
65902	190450	64138	61526	32594	73709	55288	192226	47243	
52163	124969	151209	116564	54201	142432	67581	142828	4315	
140112	126141	25275	143976	76181	104790	172829	118389	99034	
6158	134356	110698	69919	114519	152857	4529	128	109392	
149616	56447	158808	167048	144763	59292	107732	81119	20356	
77878	19342	133642	32368	138190	134155	147705	177651	151319	
113903	52987	22291	53426	146692	195498	97581	42982	160243	
122582	69705	96525	199704	74734	189602	44124	126055	115142	
29109	185982	91587	128466	9729	131152	148481	19996	130151	
39918	46871	146430	198910	150824	178664	109532	178359	173775	
123192	143982	146216	30384	151246	30555	80948	122900	143359	
165998	177211	12744	78952	120727	97618	90275	152363	115758	
67147	116613	72067	149952	16291	19129	199417	8893	79337	
21637	82993	86783	53945	90604	44997	52266	128350	178621	
175795	89866	82340	46413	192886	147876	68344	144611	120678	
124291	178847	136499	47127	21760	106334	143103	113591	3021	
102183	91691	194174	177931	140478	49166	20710	53335	93259	
121355	9814	77237	23328	199636	147986	8166	878	136053	
191286	141327	150177	28217	135656	122552	132598	195205	14221	
181484	172267	125701	177803	115032	30439	179726	114781	52590	
35096	125060	166865	134057	171730	89707	196597	132025	141754	
11646	163197	149384	194833	167073	62826	23530	41102	58358	
189559	168501	49953	43184	173238	86179	41145	185750	150666	
78000	74948	111595	126147	188216	147254	147211	77744	110039	
196047	125597	65536	86008	125469	139136	98027	133679	53670	
20948	13037	27955	90794	36055	129302	171358	53219	163520	
124981	183364	20453	50838	99430	140228	140826	21918	74399	
96360	192208	19770	90903	18634	104149	65194	158106	164833	
147565	112792	10345	37471	198178	85440	128686	144287	180153	
168593	183071	96598	95963	145502	151545	76791	148926	54799	
72580	6244	164454	151581	86936	44856	16492	53145	125140	
153455	65231	50942	96995	150379	112389	69583	139264	193429	
80338	54537	177779	118474	121325	69473	160285	165956	163001	
84684	16254	126482	196511	137738	99858	36854	113457	47676	
172401	57784	197915	163990	80503	64346	79733	131518	186178	
180776	55538	152735	105144	190456	183406	128491	9582	52712	
57729	158497	51613	57406	70382	182882	163697	48677	64431	
45967	192239	49098	186721	163600	20679	115453	45473	75192	
38283	157423	179347	61849	10834	150409	143860	111699	109587	
73721	21882	13776	154627	5450	64028	61666	28993	105186	
65444	148145	119701	115911	185177	132092	141962	116259	14356	
58950	2923	154438	199490	115911	61050	95023	26991	103123	
37446	109917	75449	102189	135467	144653	141534	123162	24671	
191396	146131	11273	45589	99766	26734	194790	91337	156928	
122448	154944	122521	167878	57754	199612	171528	67562	31458	
21540	192587	195773	116881	22767	13696	66189	79648	86173	
146887	160914	119341	175624	112737	181472	41182	45845	35823	
87882	64077	43355	166951	156739	171229	79611	88639	189754	
9540	157685	60122	103898	44191	133740	57937	34492	174446	
94468	168562	182357	117058	31861	89207	136407	163569	196414	
193093	102891	17597	10144	115374	172505	118535	120672	116106	
56600	157728	77432	176326	23908	193594	11548	83609	68771	
71713	396	63412	42311	156373	98155	12225	177803	79520	
113719	89048	141315	113713	117022	121245	39107	75046	155207	
181166	112859	162422	159779	189651	154035	39424	126000	102787	
168666	165028	145838	138128	123748	79306	175679	196560	106578	
50600	120012	136157	128161	190139	112450	54262	102037	40529	
175197	33973	29804	144422	138306	111363	124432	199295	199991	
119640	102787	105040	9137	166529	178536	110222	51400	1068	
186660	163502	19965	26166	170900	76321	152466	13049	65310	
3235	15021	73965	1251	46022	114922	149292	70938	87882	
22950	165400	78952	63973	186861	119433	112877	174544	116954	
47280	64321	46816	125359	131085	131567	152088	99925	102299	
35109	83976	94199	196878	177406	4431	14655	18518	77878	
63436	186458	166468	114702	98838	78940	183950	104393	22523	
172194	83585	150568	199148	45766	6036	93070	23676	71090	
68051	188796	4083	188454	156245	155335	155256	150147	122826	
8807	10565	110808	139538	27064	57284	146289	66018	69540	
101957	182296	188930	184993	172267	114043	187948	138354	61330	
198184	85025	188064	120940	98210	33125	144922	9790	64694	
100554	43916	3088	31483	107359	60171	169740	109190	69870	
244	23304	57155	109715	158	153138	15277	183516	161213	
41749	76724	89579	155006	174818	183028	107738	128845	49971	
122582	128698	142767	190743	114055	29023	69467	171687	155659	
148181	188375	161286	21760	23633	5078	188515	88065	40565	
127502	39540	66427	152137	129797	190804	30793	126824	35530	
84568	15381	78903	151209	153412	166334	138403	81400	99699	
128185	16706	56826	36464	46327	124248	6537	195809	66745	
196206	105485	11139	114250	82846	28761	79575	30506	60458	
43715	10480	53054	119262	171193	66812	116600	184523	147193	
5121	157832	127136	16144	20716	104979	119909	87113	4120	
133441	195761	84067	15137	68594	164173	21619	180721	117211	
142078	37385	122893	8551	55410	112200	123107	126568	167720	
109496	129022	114269	191818	65084	10236	131689	41041	158582	
169075	48592	176167	97673	112602	153174	4174	146588	92393	
58028	85410	129913	17969	184694	5011	43080	150415	107841	
65170	726	182241	140637	54268	154206	9906	42207	49269	
109435	5133	28779	107518	76517	91294	169435	4272	82108	
31086	147962	72201	75980	31904	72012	99028	63015	74918	
110680	139685	91788	74283	41884	199160	31031	72690	90812	
42256	165321	179451	140533	86631	141028	57448	96226	35200	
94041	65170	84134	4297	90275	60024	66476	3790	110387	
169282	153754	125384	109856	134808	195431	95347	185702	137927	
130474	148041	181093	110527	78903	76254	159113	38856	55556	
14881	76907	66037	87394	13977	91459	99729	15601	157526	
28272	131097	163667	84153	44185	171358	152717	66085	15589	
12134	45418	102531	83268	115984	99620	183748	85123	43068	
112975	182094	108086	120617	39876	126263	90360	161048	61904	
115007	105351	135266	193002	26508	58462	7245	689	79733	
28022	36219	124609	4004	181655	152668	173415	72995	99192	
114373	81607	159455	33613	48873	107329	66842	141003	88437	
152338	94248	10925	103843	185628	90671	128546	43294	51711	
155048	199447	82663	45003	38246	168776	93235	131402	3247	
65682	33381	198391	199771	104417	170247	14960	109581	173299	
137762	82517	118853	142871	137298	58016	173592	124413	87052	
130676	174611	110100	26612	33393	68185	126067	182790	70279	
88645	129577	2984	41298	109178	181624	162556	45595	157105	
126141	52016	44453	49807	107140	150794	165358	7684	154951	
193411	28254	256	172841	134558	75418	81717	155353	19251	
185958	72226	169441	164308	156446	41127	129809	157331	128777	
148407	99614	79672	146533	100523	147809	59341	121111	177052	
94383	160285	188894	84189	174751	114244	140649	191512	154511	
101481	104478	8142	125860	86496	163533	54714	116912	115154	
89683	187166	145117	79349	74539	128790	46089	155500	38936	
66793	109117	23127	2203	69491	50490	69790	92435	180434	
156031	88529	79019	145807	123955	74203	8728	31269	39454	
24866	26527	84458	12091	154536	162428	99443	107371	23389	
165553	39436	103709	192031	166816	173946	106016	105540	51271	
86545	147205	14142	121551	9735	8795	36232	133471	42897	
191982	170350	85288	109752	70212	162171	41603	11493	154835	
32868	173360	31922	104722	175063	95017	50722	11389	22504	
80393	21222	190713	199984	38075	168898	12494	159400	28028	
166700	199331	8575	323	43770	125616	138800	137518	83469	
148444	157417	81650	67129	101237	131866	27399	119823	181551	
51198	162422	114250	164308	111449	36177	89170	171632	131103	
138653	38453	130596	102867	69937	127142	150110	188033	182192	
90665	148151	159675	75040	73575	160731	891	25812	63912	
63650	64450	135754	179579	138483	99894	73447	162879	13855	
154603	196914	139532	13477	54824	135272	198410	41981	73117	
11578	48140	39906	88315	187893	107060	139136	44350	113732	
82456	149891	14142	159516	195645	110692	74820	15827	108910	
132409	100505	140088	110722	67715	78964	31581	15332	37214	
58297	16449	133166	143390	129962	123522	168037	3741	154401	
132513	197695	34352	35456	175703	193759	114995	49941	174379	
37355	167201	38405	91325	86759	76462	163624	80533	53133	
89805	42793	115441	40852	120025	159937	176979	108415	87778	
164472	182558	6396	132867	162507	137402	48549	25849	6878	
89316	172371	11365	92332	168324	145374	14282	61904	92167	
173347	40028	131085	19251	66745	100285	35591	129980	21589	
95359	109392	17865	171083	184401	98948	71744	164070	74789	
20099	130139	126867	161921	63741	189217	64425	150586	56582	
45485	57223	89304	83255	54531	110112	48744	175996	86966	
9393	175575	78104	62942	44325	152912	187575	146411	149323	
198721	86966	180403	123113	33265	165913	44563	81137	147095	
142413	116240	197341	457	189242	116277	91715	85856	71646	
120861	119774	84494	2691	20630	120214	48329	22333	8319	
77078	38630	6640	176119	52572	152466	113341	4065	46871	
168324	169911	20765	141089	142169	10516	17530	179744	185085	
68075	97343	148902	153797	27515	139825	106273	85410	46785	
163465	19544	107487	151545	166365	169105	54720	110008	126769	
71506	123620	194131	144562	179927	196206	133306	5084	117711	
164192	66946	146454	101524	84751	2124	111583	110063	99223	
182564	66360	54824	145886	75113	64913	109013	198196	180226	
43562	50924	59621	172328	24384	178053	46407	176656	109935	
48091	189425	88578	150110	3235	86435	141815	62612	133831	
36049	31684	88157	37770	184499	199710	161653	31886	116539	
185769	80716	171480	21863	54122	52657	134314	68032	199508	
101255	125372	111315	139471	114501	58462	176741	199453	14667	
171162	38453	96507	31892	129052	131811	128277	162452	175813	
128216	173152	193130	185158	4260	8087	172816	171046	136187	
150263	112657	112285	50899	128704	195895	47890	165065	192403	
78806	99369	143164	160883	163868	176216	6042	23640	26411	
20832	21082	194686	76126	149237	105235	28327	34462	143591	
172206	102690	109435	53072	155054	76871	48787	159107	135425	
28321	153077	61288	110631	76505	29664	140387	29951	199112	
169026	154383	31233	47103	124535	24067	109215	64938	177077	
164344	146662	121941	65603	17395	139728	161408	65029	144190	
148645	73465	192556	130291	5041	98033	23829	62490	107249	
164106	100132	32344	134625	71585	7733	22895	12323	122021	
110881	34895	157758	104332	19452	8673	139850	41914	172731	
198031	182485	7330	20313	152240	43361	10791	181697	162611	
99467	68740	65432	129669	170405	58749	129516	107329	110930	
67044	63839	80258	103850	34761	76315	30714	84543	9381	
163667	51046	28388	7440	148261	158192	132348	194821	162263	
166340	21888	190859	160212	74081	14630	2588	141412	122240	
171809	195278	63369	178664	168886	5450	127429	6189	116606	
2954	17963	70163	163648	7892	176350	41493	12146	68966	
90885	51839	177461	9454	84073	56850	123131	146912	178340	
163978	102745	93009	121532	80887	39448	39723	153504	140924	
74741	38032	194833	61685	117626	75491	39192	93131	25373	
58883	30409	111321	147235	108177	5530	114177	62191	68093	
185219	75388	42256	43446	192574	12799	72244	64645	81827	
27528	157557	89426	157966	169954	151026	47249	68637	88981	
30207	132482	149628	120763	56319	52639	105009	173079	145984	
38008	3387	61660	87198	118828	71402	54806	130688	76230	
65664	82340	187844	173408	104570	165345	166609	72940	141071	
122820	76474	46828	157697	111559	33894	85306	65127	55453	
199301	10687	185537	120556	177016	2655	101890	91996	109355	
40993	154597	9222	196084	72256	166609	115599	70462	6445	
78287	78751	163325	150080	73373	137860	86112	181752	77078	
134155	164479	76596	7812	80844	153376	85831	63638	28803	
65170	177565	24702	84140	141797	45204	53005	134002	102354	
89780	170637	136853	97325	82187	97758	133429	100694	111913	
31678	34651	171205	128210	48134	142755	113988	80222	106065	
61831	173878	162086	137225	154139	91556	169404	1763	198300	
153907	73294	191109	5737	169679	18293	59249	51601	1855	
50277	63998	76291	187948	180751	199057	114031	79245	93699	
98448	104600	30720	101323	194491	144556	72372	54738	10437	
134088	193539	16120	169270	75912	71316	198367	199600	182314	
174464	178572	120196	46633	73776	91630	84293	35524	90549	
10150	64791	158070	114000	16931	61855	168178	119225	176265	
13953	156403	16687	110326	93687	187459	164704	186922	169636	
39699	175923	24750	115441	2819	149378	122588	147467	189962	
159022	118395	72159	120550	130236	84946	24451	30097	135486	
167885	178450	63217	40278	172676	11585	6012	130908	6616	
3613	114293	54909	182228	151545	93620	105852	88065	181862	
187643	183339	33607	41304	30842	59774	173988	147382	22028	
84989	121184	179848	74704	159956	147766	94560	100706	110936	
189437	140759	83298	95329	152674	163136	95902	170271	133728	
169935	122869	55483	55141	48311	38368	21503	126141	8203	
199813	134509	33058	35969	11896	189040	66189	139026	117711	
159919	89054	62777	172890	104484	156672	61074	59383	146540	
88755	1373	94828	73123	4370	185982	93900	175465	124078	
170515	37867	65310	45918	160920	8612	97904	1525	70218	
143335	132855	98521	16297	66195	64126	55471	141949	153248	
50454	35749	138421	86667	77359	86399	153760	54873	182088	
188351	67117	54427	172676	24213	10419	50258	172407	69961	
118425	50289	20911	116552	188644	50746	63174	27992	32221	
108501	157612	41988	197158	96513	34645	19312	44905	198800	
36854	148395	61916	101085	172005	111089	187038	133404	110240	
16156	36250	120904	56704	106523	5975	199093	130737	146533	
136017	149829	182973	95677	113610	114195	81613	174825	99729	
38673	199112	131237	158906	110655	130364	8765	173769	139758	
173982	29286	25648	141028	7556	91752	122472	76395	88389	
95091	55074	10541	10809	191128	63369	37477	151471	173885	
93504	34114	33650	111449	127270	196975	142114	26636	165034	
18384	19434	132812	143445	58437	175380	30879	169160	168763	
40254	174092	149793	124615	93858	6421	3448	121410	842	
81241	127978	91892	84153	166169	111223	100340	167494	40578	
163606	169893	118218	191909	54152	199398	121917	117046	31355	
125939	19782	35066	109978	189309	140228	117510	5163	54665	
155793	42519	95103	49709	196786	179048	93363	72488	152759	
7355	12317	26191	193130	82187	98826	137158	38203	144660	
123400	12305	11859	89261	104155	192300	7062	192281	46791	
56612	195602	107622	181826	36903	13092	36641	80277	194717	
50820	177944	129302	119933	185250	63510	148603	6256	176827	
87504	29267	59774	69113	33766	176131	97026	19593	108501	
34742	88810	93327	84201	84549	105900	50753	61257	179213	
22950	60940	53280	15467	36927	171406	102580	11816	156159	
65860	131945	178121	116375	141095	38991	57528	79965	34242	
39369	121966	174696	31697	165034	102263	28034	90916	123785	
34413	153614	106328	26521	103050	145667	150739	188198	63418	
138141	123229	108885	123192	84336	135070	41218	65182	113610	
64700	50368	92442	121227	13129	172847	176784	47688	90989	
180391	192123	3766	68429	155213	13819	97453	119213	182759	
65298	119158	190163	168385	93125	141351	27247	84000	51943	
188888	189614	51149	80356	36293	82645	166615	49086	88285	
141571	76810	62686	199685	196542	7361	195968	191061	150739	
53914	46456	116381	2533	40559	184182	38783	143121	152100	
79831	170833	160658	46340	192861	135486	82456	52810	433	
4016	86197	163941	48812	67135	11591	25147	8057	195541	
103666	29981	11688	146204	118932	126598	62252	70602	25684	
41774	184145	181166	29780	128839	105028	32099	156904	145569	
146948	171065	122832	168507	108488	17603	122857	149823	19196	
125011	71499	122985	147516	81412	123949	163539	143463	6744	
10358	111192	97386	101573	14301	159510	195913	4144	126568	
119359	156458	11926	5676	62576	121490	123778	76224	151801	
193820	159138	196395	162977	94090	110393	25825	106694	121923	
184700	125213	54555	101670	91495	118645	176894	94285	31996	
150263	98088	156446	146863	166139	175673	128118	78330	52932	
9540	130023	3064	164363	187514	151972	191946	66806	173384	
13562	53017	35365	143909	78397	114037	131518	80814	2960	
100492	193630	124132	101646	165828	171699	93113	8948	29652	
137408	181014	20252	80576	866	129864	192306	199606	65212	
91697	184762	160603	50356	82248	123974	163887	117162	33497	
70315	159315	123192	151362	170247	115044	41408	184609	74387	
88273	173000	111443	102903	54146	85550	49880	139361	149182	
107933	98197	134375	85306	113017	111687	238	190945	19562	
122057	177901	35212	144507	5597	57296	91679	36805	106462	
132666	197695	124352	21241	73691	65780	4797	51155	194009	
3186	111974	128051	98179	95909	188821	120458	188503	13342	
98246	126031	12726	90043	3180	56521	134173	40504	46926	
121581	105205	163533	165199	117669	25623	192245	161054	128246	
66995	46065	73984	141620	44222	40907	174348	192507	15698	
13776	14466	133795	193209	118163	67630	44545	142773	146247	
186226	180617	157886	134485	10223	74075	186159	108495	157417	
87748	190780	123736	126366	31043	127978	58077	143695	143408	
21766	112651	86588	51497	117180	77066	112090	6622	193276	
115410	124151	8301	17176	129119	109941	120562	20374	53139	
76450	186959	178530	141479	18793	50740	176021	198477	51400	
86338	36567	12018	133300	148371	101109	145038	118859	144544	
134100	141284	165126	138605	39723	102025	27033	189620	169008	
89500	71847	33821	99241	113719	143878	15344	66934	158625	
110906	171931	135498	3997	23499	82059	78958	99357	118450	
179616	62948	45918	197586	142383	104210	143201	13263	60635	
189840	156177	191763	192043	37556	159467	125707	9125	178310	
14685	167061	145630	142249	137311	151575	147852	29615	109129	
186281	37391	47566	192788	131018	191482	94267	104417	105418	
147022	171510	100828	52468	34883	107133	137286	90049	50399	
168403	152344	81528	66445	47664	35798	156782	195437	1580	
136194	14862	6274	25031	63894	139587	2783	41084	46254	
159150	69552	188259	190890	81278	91703	186233	113439	34925	
54757	61385	86033	49892	30750	13324	162715	105565	157001	
103660	38032	180080	13623	148322	95158	131109	106254	94639	
199606	139520	59927	64437	94981	147223	30689	144391	156947	
20337	140948	104875	161549	69095	44911	128631	24335	55507	
30415	130401	166414	120330	163252	148871	63632	160255	80344	
192068	35353	86863	138061	17578	28797	98442	121758	28809	
55416	195877	22986	168385	35450	74014	90488	190188	106926	
19654	61251	191134	155378	147388	177962	183931	20508	4583	
98930	192135	136078	76840	106962	48683	59170	24964	123229	
179280	45284	184951	132464	151642	125268	161988	125793	72189	
40510	49965	167341	11151	92588	107567	90940	137420	63571	
22242	33180	144470	63345	193343	109001	48537	60098	165638	
36103	140314	150251	44484	14539	171358	124108	23896	67483	
156599	183492	58694	149689	74032	167500	12109	29737	43025	
142804	110027	52382	62270	114598	33058	187173	88822	114501	
77853	69687	139435	21692	118676	41652	195315	173482	738	
96031	191738	121569	96397	133508	73611	190285	55385	36531	
198379	193014	80618	167213	67300	163093	160475	195248	66708	
55373	189077	62216	48	74795	5627	188460	92393	188094	
84250	128729	48293	75009	105308	182985	44551	75211	139789	
168477	38875	187105	77695	59414	75919	74918	31898	100486	
171724	140216	148615	100425	58004	14081	155756	111900	167469	
126318	80441	4034	141266	107787	66903	133715	40138	82230	
126012	21924	140216	3833	147687	41572	94822	96653	7501	
22681	143634	152326	98625	181581	150275	142194	120391	80081	
149701	100138	54830	21027	186617	132397	162287	186397	126128	
110503	127429	124230	17957	103789	186916	90653	95371	107494	
169941	53249	190127	122900	82950	61929	44728	145606	169710	
193740	103209	118297	78000	177632	61544	4223	64285	105668	
159303	37605	67428	136755	93327	107237	182863	199154	135132	
129571	168342	198196	132928	167488	112651	135186	179720	151038	
98423	44008	28675	156354	190316	151465	37013	99040	179891	
167726	119591	198263	18341	113140	93589	67782	168385	187581	
95451	190224	6494	88614	51265	30714	106865	84818	82022	
146356	138177	50325	24775	147522	4541	167012	151185	67440	
161860	100511	64443	196194	140759	156275	56093	135418	7483	
21991	103789	130010	193905	2581	191335	32936	27869	153998	
132238	159626	195321	22077	178066	187911	65115	192861	192751	
160066	108208	160285	74210	142981	142017	117876	4480	2758	
31550	180440	9582	50118	178444	42055	10443	12598	28993	
176766	46053	90134	132782	187917	50154	149939	182759	12744	
62704	17182	168336	188222	57302	117614	72549	84415	65975	
28321	44685	111815	182387	193038	79471	8612	124847	158045	
134185	14386	140381	185164	114928	36317	130969	197793	63265	
14246	183413	116545	174519	190865	183840	140491	178920	93101	
98374	30378	116948	131262	933	150098	40053	21827	29627	
122515	67959	140485	152900	56112	133947	11304	126635	198501	
49202	38722	123656	173140	17609	88132	16590	55587	32154	
21692	195626	45363	84226	195443	102147	189815	17041	23902	
159809	116149	154523	18671	83976	27973	136719	6927	51009	
122503	93211	136371	108525	84702	185592	172707	107951	14667	
50368	95939	140601	44466	173518	101799	158454	616	127868	
14429	161048	168623	104722	16706	29548	115593	70761	104350	
189419	27424	181697	170131	182717	116637	183699	124401	131604	
157105	34083	158228	173952	102122	72323	155292	52529	41811	
172658	158942	138977	56295	9692	100511	73752	20752	68106	
95255	103386	118798	127691	112102	96183	120153	55074	123473	
117791	179183	33387	141455	147687	10272	60964	46504	17981	
196481	50508	15070	155762	87534	159901	52156	10095	43691	
85807	35365	145215	81430	151600	176399	80765	77365	120464	
106438	60781	186654	165321	91636	32252	32063	126513	184853	
14807	120061	88724	20026	142645	39973	8227	55404	159913	
102757	21808	171742	50972	175368	168568	31941	186599	167097	
155823	108226	67410	124163	100511	183113	45949	188705	77115	
30512	108385	178475	3546	83152	97300	43526	96128	192507	
56759	156104	25019	87668	80844	89884	1226	39210	146997	
45100	126562	134430	115331	175453	37660	70089	175282	173299	
175496	69119	120690	169319	111424	27271	134710	102806	61221	
96171	65707	19007	18189	8899	75430	49587	36671	154493	
40694	132556	97221	107365	189822	27955	84659	18250	155109	
85453	110259	172584	122588	120134	109325	122723	60232	52761	
145429	100322	105998	70755	152521	114983	96836	166096	146167	
45448	119994	6421	35225	129742	67813	195669	65103	160224	
77335	80234	23957	190121	35853	157319	42989	57552	33790	
41279	122173	133416	146088	44563	12579	199319	23285	129241	
186666	61886	73746	85599	127569	9613	118029	93852	68972	
118560	96830	125353	16449	113072	113707	139477	181819	187960	
193759	132489	61495	98094	39613	194613	90452	121947	165992	
31483	102586	5157	93839	106438	129131	90458	185750	59609	
166157	140124	3375	160352	42451	57308	168617	49007	19092	
12445	9320	124480	51821	180965	171236	33674	147663	198556	
77017	19214	146833	140326	13928	181545	161378	130017	131188	
11762	1641	185512	128381	51461	21924	6927	116130	35658	
116460	113628	30280	175282	97093	36134	80844	135296	183852	
169575	16980	164839	39619	194528	89207	135473	80222	71798	
90159	144000	91160	117296	155109	35896	82199	163099	103471	
105730	11157	111272	2618	130767	108031	86387	135205	194064	
30769	93168	51168	53225	183992	185482	85923	111168	31751	
52846	25648	144983	135803	30873	101170	49379	150385	41646	
191628	150769	105015	70547	19062	148242	6354	85611	15442	
37898	90458	5707	42989	76486	156708	23817	49440	140820	
114598	91611	39247	139130	174702	71634	42055	30610	14966	
163301	59707	109459	153742	108983	73001	109532	60568	186422	
89475	186086	36274	93675	113433	130554	193295	132989	19519	
74954	167726	199636	11066	41872	94285	182174	44380	196432	
75345	80216	100395	156477	75400	46077	84769	17231	72177	
56466	37782	46626	195602	20520	35249	107573	85929	30427	
61666	163465	2301	160835	36915	123113	112883	123394	77695	
181441	97892	182595	175008	112016	96818	39192	168873	67923	
131018	87461	1580	146991	32893	152509	130737	77731	13062	
113933	83207	82309	96574	122094	31501	72610	159559	13123	
173543	35841	197525	29115	197232	165809	156531	49562	11047	
196102	158515	40413	21949	91581	51967	126952	141669	154236	
119341	196755	2874	99760	72207	38954	166395	161109	165724	
126141	506	175240	163325	44997	14008	109294	183199	82108	
123809	182534	157551	171034	38704	40132	136053	106969	40352	
135302	164692	35298	142749	175746	171211	120116	111504	190890	
188509	199160	124120	76053	147132	131298	152546	169832	168159	
42824	49196	120861	187746	178896	17841	408	44557	166175	
50392	116826	61330	193215	11029	88193	51827	114507	148822	
29517	184450	184762	120116	10529	33686	29353	101939	40474	
50808	157520	77670	136120	184841	24225	76224	129180	85227	
147248	45986	169502	17401	85434	144806	180129	122484	184731	
127203	20624	152320	97831	10138	14844	111253	184090	98509	
199386	135730	195614	151667	148957	43019	156043	172255	135095	
80417	38093	198458	74142	105974	146210	181136	21082	132196	
10504	126861	65237	63882	98368	188338	184212	161317	149768	
83188	112242	60079	42751	122692	179354	78861	195242	31349	
177327	46279	9326	38856	8984	178188	164546	25507	176906	
36543	66061	2423	67727	101286	54329	107750	88627	186184	
82230	122	11792	30232	66067	30720	183461	95616	16675	
74954	153614	103557	156806	5298	182662	139337	131103	86332	
181301	57674	114952	73263	139838	19776	128344	95280	3216	
93278	161097	104906	47994	146253	15656	174562	117504	166743	
73740	21717	171535	38807	93009	43813	106596	106554	40114	
44075	103288	157209	66329	129766	56753	154688	31947	163832	
146607	154743	85831	51339	102610	133020	106236	42000	22284	
157233	109245	129833	96696	34755	31031	131445	100712	66867	
190163	124047	3967	40822	36250	24476	158802	91141	91239	
190499	21332	161256	89408	25568	62081	96751	22553	68502	
22199	101622	96440	148975	171724	188509	104844	90409	125988	
154450	27442	141376	76523	113231	157789	16675	192666	115593	
167518	129571	50014	88663	13294	96104	42287	25666	92466	
93125	32423	57381	153809	150928	199545	136438	169655	162007	
137744	165712	75540	87009	163227	102226	183742	139258	85740	
67587	176796	28986	836	196353	87473	48647	159022	53518	
171223	80435	68093	152479	77487	107341	85019	4461	26112	
109007	53420	31062	195065	123528	43056	170735	25684	156599	
147534	110765	51900	119091	196383	175905	159351	74496	137939	
4809	80942	177284	149146	45729	34986	183577	28486	2459	
112108	115355	128509	62057	117266	159394	183901	35359	73105	
182222	91630	41695	90879	142377	199270	68966	15192	181124	
157697	40358	148853	72983	94627	118969	63980	17267	164967	
81552	5810	51857	34462	92673	95200	70523	152790	110490	
36287	124981	172273	55428	135473	193020	168660	173000	137958	
93809	20032	122008	88120	131835	213	19403	119964	150470	
142822	173042	183919	176674	32307	133496	16168	137884	178255	
196401	156898	32466	28993	186336	123467	34925	181087	53621	
145111	117095	40596	115264	165028	66622	92710	71298	116423	
83982	35707	27747	178597	39229	135705	57503	19294	169795	
58266	130316	129785	100474	133343	143182	58559	167067	109532	
82413	50331	124639	154145	48543	96195	21888	155152	175392	
101420	122765	81394	174519	177120	56551	57192	136334	161903	
77799	107695	119097	179952	17182	31159	157026	141614	4718	
154462	18799	192837	146430	28022	147797	19672	35749	16480	
115050	14173	81088	41273	16492	7739	130462	31446	145563	
178444	174800	138934	172353	38283	10938	74466	160792	106932	
45662	20569	54879	177895	121978	77603	165321	183596	148926	
99382	87809	165528	16175	74423	184243	155744	174617	109184	
57979	75839	164167	169496	154615	59902	70205	36439	119249	
107414	189687	32948	41817	72561	88279	177333	21393	96079	
129809	120012	181008	85947	59176	119744	164021	153168	120061	
15491	43465	8819	88645	50313	75473	28797	104588	103380	
28071	192263	80521	186495	116729	189	171309	161317	77652	
180403	84342	133520	10327	84903	112071	80155	120415	186300	
68051	166493	194259	179134	7800	108507	136346	92625	115630	
37385	848	120983	38698	22217	48622	177504	49733	107103	
60738	78781	119335	18982	40022	165272	79404	2459	131695	
64334	158839	137787	94328	2252	72671	198281	152588	171199	
146063	3497	162715	157575	54226	124352	122265	137970	59713	
96385	155170	48891	128100	197543	3466	36586	3534	146631	
156922	193227	25275	178749	51741	85593	166462	53884	69796	
82700	76401	54989	169337	188405	7721	131781	78684	185366	
9387	46413	84085	196615	67086	77475	142883	70926	172108	
138324	153376	98271	199954	66177	112554	61581	180025	138202	
193002	131146	37513	170686	70108	7757	188869	57778	131073	
21027	71951	105894	96604	188937	192294	20026	86954	145007	
166542	98356	63174	139361	144495	91209	75149	19727	90842	
80808	47414	198916	107933	37898	134204	114720	80844	11670	
174806	188821	25928	9027	80612	190621	24134	119640	85086	
12470	120354	142902	87754	162501	70022	73141	23713	181197	
114263	99229	89738	88132	64736	74930	158234	65017	79575	
116185	10370	81278	11536	81589	119671	68490	109715	192391	
17041	149939	155933	148065	168977	131420	17267	193990	199624	
159687	95762	97190	188424	154682	56655	86649	74344	121886	
116411	114232	97972	150983	71750	92619	112779	7043	150940	
66421	96751	120666	68588	172743	95683	83036	165248	147473	
129382	52462	12970	33479	91935	178407	168220	47109	177455	
49312	53157	58974	62405	70645	46889	45625	175880	179103	
167524	168049	88920	199496	26618	33399	154340	50454	37166	
196243	28101	105186	156220	55398	3650	113555	143640	2856	
190340	191763	18091	180770	67227	85856	91532	102989	43629	
15320	63455	97300	157423	102946	156190	24537	142554	97343	
172438	31013	196975	194253	56325	190273	82120	62924	39247	
190670	85398	83860	151697	124810	76706	104094	182363	137274	
190420	116314	65756	186709	163960	168074	179628	78665	64327	
107335	133313	25434	33692	70559	128466	88999	185445	119671	
73178	163484	81809	134039	130999	53298	124468	163844	85837	
103294	89182	151008	4223	136987	135931	23920	176088	159382	
125591	72299	15174	180403	174586	8325	100700	15308	78604	
20374	41035	18341	136792	25593	141101	5755	7489	27552	
154365	124615	126965	185183	100981	123516	122149	99333	33161	
181527	148938	123192	129003	151545	186977	2667	196139	174428	
22407	53237	166407	119994	149787	179256	62759	11279	124309	
142157	19696	88248	195754	183761	38484	67147	155244	10803	
58321	51925	26240	47182	24872	53731	130859	159882	137262	
174959	162806	165095	154780	13916	198294	120635	144739	146570	
76004	110906	152460	41298	77542	130718	174867	63339	139392	
174184	118773	124712	127905	134924	125286	36238	8337	23890	
141333	117742	39345	110979	119848	122643	24024	96720	129632	
33302	148951	120330	156251	183364	42268	110320	75223	63137	
182277	83921	178694	64681	87491	101609	136883	122338	19800	
82962	175551	105406	31587	190066	150739	118908	88328	184749	
102012	168867	97843	65957	165467	148261	177370	193392	27747	
199954	189846	3698	2386	12775	80545	125634	109563	107164	
45381	73	40694	66342	62045	11615	189052	169630	15357	
37532	27558	183834	147974	20679	15241	169142	67697	72476	
113304	55697	42769	112126	92295	47164	16223	148542	111546	
7452	70657	10980	152100	86924	174635	34864	184389	144263	
141992	108830	51967	20362	35298	189413	152521	20380	144690	
89542	97294	60232	173292	47170	30427	33796	160652	80106	
189199	57094	175197	33534	186544	145667	107146	126348	197164	
181368	193057	102507	128338	124902	3222	193783	156739	130322	
123290	18	112566	117681	61135	93327	92155	60171	10559	
52205	180373	141986	2710	132141	63998	43062	76736	78671	
17444	107133	787	89359	41872	49111	174733	30787	39198	
158308	45613	116912	2032	53444	67453	154981	100920	146070	
136249	165284	50063	68216	131720	80991	32887	20929	96958	
134295	168525	99656	87125	35157	604	152851	18647	148889	
189614	30079	149982	178743	89884	175777	125268	159925	192800	
24952	12189	71121	117040	157172	65176	69919	127526	64883	
45204	58175	64022	92564	27595	183889	60818	2685	128869	
185488	138617	125054	84006	185067	49977	145398	105376	36641	
59536	89860	154523	35731	40199	161292	58132	96549	166645	
183846	199344	2978	187276	111949	15711	39674	156049	160053	
35121	9473	5188	9253	80728	143353	40297	47225	176405	
109264	138855	97459	183736	26032	133557	194363	101994	88553	
161683	60171	62161	110606	61685	40199	146411	191482	198312	
152424	64199	12653	197476	7818	16248	170881	172206	57687	
177712	53737	120763	124108	131622	64114	78354	69906	84134	
99693	103593	164320	192538	93815	80918	537	37410	123888	
20386	121606	170302	93650	35865	10565	167854	95512	83091	
1544	123974	59164	38649	167555	11072	192873	1318	141681	
41713	23493	196859	127642	61898	141663	167549	56032	107237	
58199	27845	142615	153272	78232	67208	4657	191177	199020	
81455	191921	60122	137903	113921	88151	167512	96641	187606	
39686	128332	168214	109581	67184	54970	192532	128967	16791	
128607	167213	129571	107066	183474	19654	138647	127837	135370	
46742	32862	47231	185451	28309	22809	83225	30702	120745	
197244	195809	12335	136877	108354	56179	33241	118486	79373	
49105	175942	7593	15558	164765	52059	122881	54	136212	
14826	47371	55746	78922	65591	33766	154322	188442	185793	
133551	53927	152515	125555	156190	46565	33937	180190	64681	
196475	80344	185824	113658	150794	17182	65390	136322	103758	
80185	156348	86454	195675	143506	51168	41786	127831	199820	
182082	174904	74777	148633	81119	97978	75046	149054	146863	
87650	181691	93223	49037	196133	153760	56771	2307	154957	
170167	82401	40376	77573	146930	152967	121783	66958	139307	
110259	198599	134588	9827	175734	79215	136987	43709	29426	
16590	136102	92673	103355	53072	89780	128619	45583	53121	
78519	188271	11285	55239	174849	190084	136993	74191	161500	
4687	54232	184951	4687	60104	199020	19452	88718	62924	
173128	107628	118114	116826	113683	193636	93668	19532	127190	
158888	68490	19635	144196	82914	90427	14307	50978	73361	
37050	69381	54439	196383	149463	42909	136389	138653	171174	
193484	153583	132360	98362	154554	39686	174208	47634	156092	
65512	69900	47676	74643	13574	135254	60934	193276	23469	
85148	41664	52437	164173	141687	136548	73160	89493	92716	
34083	133709	33070	131976	169191	181075	98991	12152	188967	
58388	104393	142090	186153	29707	130285	159327	106389	183236	
36775	9363	35530	194302	99095	62789	173305	29463	20435	
101469	199545	72745	78128	105253	39253	55459	59176	70242	
132775	70785	141559	189956	17206	54366	177443	30653	125500	
12152	134600	32051	9296	176796	152326	164680	91929	173744	
167994	75076	157648	178444	170619	150226	83512	145734	37581	
32282	20093	92771	10840	15021	127215	116771	168831	53103	
71036	128668	150275	15534	188784	184139	86313	114519	127166	
193081	196969	140887	61037	88871	8325	37483	98265	38673	
46785	41707	177187	175954	166352	128350	62985	36525	165474	
184139	149036	179433	49593	45204	69644	173732	195614	28626	
30329	32618	174562	89377	61984	76077	88730	33924	105021	
103221	179537	121752	129968	55721	162281	85941	518	53493	
44154	104228	85544	183834	81693	151661	126031	125414	33906	
66116	163465	188222	167408	158064	35762	50808	169679	95542	
47005	176039	26881	96006	117284	186562	22278	155842	18818	
181398	111675	149170	4748	74698	31990	126977	36659	138067	
199411	47908	117223	27613	153071	71945	134185	77084	848	
48207	121911	138177	23285	128192	146741	149451	91941	135571	
122478	114916	58492	23987	162147	73746	170796	53902	172340	
142157	72098	19873	96452	8838	39754	159467	112901	165193	
19623	75034	194753	51497	112419	99723	136871	427	68258	
38728	56936	159058	45674	117321	76523	70559	191348	66671	
188503	97080	96726	178920	17005	164704	87949	62466	76297	
12024	5121	129138	34596	23536	27375	144000	189352	28889	
199807	69479	59982	149536	18683	134832	104588	73855	131103	
162196	66568	42024	105260	80625	157697	121960	127807	59200	
183730	57418	184304	190554	18824	69748	179177	156013	135095	
94315	151374	3680	193417	32948	41963	70614	1855	103703	
169948	180410	47957	69088	72482	147400	111028	24085	65908	
118822	160810	125182	183602	186037	48714	141650	47115	196163	
197915	10370	126775	195407	198434	75412	147907	35188	113640	
193612	99107	172517	4327	187404	198642	195626	76547	26252	
75345	106370	159559	17762	120220	90482	120141	189815	64944	
6903	119451	144989	143652	127587	118688	168519	94083	158894	
139880	70987	154536	75882	87974	147040	112682	805	40498	
131335	162635	56893	11096	133093	26447	28816	93058	30335	
96366	161103	189266	105150	53927	125597	34639	1251	122381	
89371	117522	185055	8484	114287	5975	191445	90055	19355	
85587	35670	105394	137390	14710	72464	101030	96891	103624	
83603	93815	60677	123705	75326	3766	152399	152991	166761	
113866	102098	164277	50557	13043	42311	162049	7092	78629	
85666	174519	153419	54506	15467	106938	108208	181209	120391	
162568	154017	34199	104527	37367	78018	126714	104161	194894	
172517	33100	142352	27381	176448	89347	52681	9552	39223	
26624	3436	51137	88010	194412	53353	154517	79813	129205	
70321	183712	119555	125317	44185	50899	125445	163764	124969	
126843	22840	55654	17701	181282	147919	156293	65188	59756	
42256	106200	49855	2960	119842	155372	46047	14917	187435	
126959	153931	186275	99791	176686	46266	178835	130914	4174	
159425	177815	142462	72561	59634	117785	130822	92411	16004	
88779	33815	126513	111394	128680	178517	171510	122381	108220	
51247	172761	99681	114781	171217	128680	80197	41304	148749	
40748	61910	186507	109703	165510	72983	172652	167036	124718	
66183	187215	120940	129998	70016	54549	68734	78183	127691	
143964	105760	173598	55257	20282	198544	33515	150135	43330	
11481	133203	81241	22407	168330	146448	92106	132165	129608	
38246	147998	196011	167378	65585	158540	143366	18445	142688	
106932	146997	97453	126989	17054	46669	50808	82041	189761	
165400	133044	73648	39430	124462	186611	155433	162391	163618	
106438	100077	167964	172505	170564	132611	103856	139734	117943	
21784	6860	25745	154847	185994	10193	165785	170997	169838	
138733	9119	146717	147681	23377	101011	32350	10382	65884	
113292	81198	91508	85202	30201	117229	89194	176820	95457	
118749	40047	16181	26917	199453	101176	137573	105119	167866	
196688	19507	41804	146631	84916	108177	34877	32783	102592	
9888	115856	80301	142206	184023	196206	186147	118816	167506	
118706	161091	82590	62283	120214	166597	33265	116881	11908	
198867	192867	133337	83469	1495	192782	130822	37233	87888	
131640	197134	158753	54574	160108	159303	29896	66983	148853	
4632	190816	98545	96006	83371	56911	4681	30311	24219	
97215	12781	66220	194076	180318	109398	167219	33064	94065	
106010	73538	96324	145471	64541	150690	133575	46803	63894	
14801	37867	194369	188735	91312	194778	146015	121776	162971	
63125	3845	20905	63662	118725	108159	62246	174123	192147	
148963	130511	75839	131927	101396	37867	19483	24470	91178	
152625	163984	101725	196365	18799	42506	168104	91715	48134	
11810	77719	141919	65457	140851	93339	49800	188918	95194	
58150	65963	26166	73410	11719	65951	67916	151600	181343	
101219	59835	92393	179958	130261	34394	174696	142078	135980	
183602	100309	28755	135681	54036	133856	33009	89908	45461	
132037	116832	16297	94096	18695	11096	114842	121978	161805	
109709	10626	133581	8594	188973	120537	140906	35267	183730	
49874	198404	167250	151349	25465	128845	126537	54854	71231	
21515	62161	96452	132617	83902	120171	32667	56136	128112	
109227	2429	30219	73355	118248	99229	193606	145716	42207	
18726	17597	156318	72384	12970	168440	139404	107323	82511	
55904	131341	140759	37642	174586	171919	182735	160078	43904	
109148	170149	96195	53335	88853	23072	113249	18787	110240	
102958	149671	156702	128777	29035	190792	81906	87559	109264	
1153	135602	158430	141846	144812	49593	174153	43813	124645	
53200	132830	62789	172175	28919	155830	28107	118963	23188	
180483	197805	80893	118493	168806	157386	186672	173030	113487	
126952	81558	34217	22376	132666	37959	132275	162751	198977	
3711	60104	146576	17786	19605	45821	138080	50826	137286	
124029	164796	121453	68795	112224	13379	52199	98985	198519	
91483	4229	92100	46926	136810	75052	123711	26527	154780	
10602	169349	70608	65902	188149	180959	172255	44173	126000	
182546	22400	27766	76578	116210	196859	183187	158820	69772	
198227	4217	186318	17365	159303	26954	47450	104106	114000	
41945	193710	6152	42091	185000	92362	197506	194027	187655	
24	54506	102098	168763	113036	29713	184176	48226	51033	
25971	146283	164357	130090	2209	90214	175899	181453	142151	
132531	30158	172267	17066	41084	78372	184523	74069	95414	
119524	8435	80875	77176	54030	106554	58602	196957	128381	
4718	133636	63595	52040	66427	39876	102433	167927	106425	
102696	128497	157551	146	35676	81156	62270	145105	181636	
26276	101793	130364	128857	32234	71109	70620	134161	25959	
197317	160890	83719	35383	37343	108147	23054	124401	98057	
196249	187466	26679	159773	40199	164033	184591	184585	186220	
116564	199362	190731	13684	104667	198935	174178	95341	28181	
129577	58742	71908	28309	77554	156019	197457	76584	27210	
116210	11627	182998	161555	51357	95225	154523	111662	12006	
165077	135302	61276	98655	64700	59658	112578	189211	106969	
49318	19635	163728	124816	85978	95670	7672	86582	190530	
354	74924	31922	40175	13495	91782	184762	54702	101268	
183284	199356	83084	181258	103007	195931	121819	92600	147657	
141901	196066	77506	137640	35145	34962	80234	144916	45400	
72391	70028	149402	70150	4242	94022	105064	61233	33723	
66555	197122	178359	35695	1025	171419	125860	171461	90568	
117388	128906	185170	143842	185750	105363	113127	182082	22199	
89689	37245	103831	198458	64956	13849	23401	21650	59389	
9174	189468	3698	63546	172719	89951	171528	24506	79733	
49544	99595	73239	74167	126000	46010	41395	143158	11517	
73318	23878	54458	145496	135345	43282	188045	144769	11298	
172597	193020	157795	68429	172310	101255	48836	134375	198294	
28858	18488	60555	36543	96824	166798	57912	21222	102018	
5163	186013	92057	169874	23432	77023	147522	119921	118181	
75723	149909	175496	188637	76669	138678	148810	106456	39979	
8172	132684	165559	66842	6134	30152	18244	16022	9045	
153229	3985	142706	130804	22040	76944	140741	120775	195632	
38618	69766	107561	65597	81833	148297	144745	43977	152283	
94035	114812	76389	133886	192806	47518	111907	164271	177150	
9009	60812	86533	95988	17835	71457	143616	56557	144214	
57528	121465	19825	48677	106999	47347	130700	116558	103862	
49391	164222	44258	194143	83805	169093	33857	27174	135840	
89628	52095	3625	891	47548	110088	61324	51912	64743	
20008	30262	99375	108318	184939	88029	150104	39143	78177	
146808	171156	145215	168318	103300	65048	40944	146161	182857	
162556	13812	9930	108836	39314	199466	64926	128790	162586	
66586	193795	28407	174202	192861	53878	164674	116252	13056	
157709	49324	5481	120806	92905	114122	62826	4962	37880	
188784	4229	2142	29395	123260	99113	146417	138403	85276	
2569	97538	10272	164595	67746	29029	125793	15051	144464	
57125	39033	165925	170466	92130	148517	133465	161494	93180	
57760	164271	106395	7849	81546	141400	173647	177754	154181	
84739	135339	91349	95866	176680	15100	65359	93668	144476	
66043	135907	153016	130487	85007	140619	176302	81540	169484	
73111	24598	188735	123241	90885	18879	8813	17145	58028	
36866	198513	111223	3949	61953	92930	44325	179341	140198	
59451	97666	90671	1861	58144	38374	194485	103636	140179	
149408	32624	147766	115276	152021	89847	34443	119671	27113	
154798	103660	115593	41609	65890	22638	53707	186147	23163	
175435	129717	130419	147345	110497	66256	102269	67459	102885	
51546	196920	18293	187081	65853	122472	28718	116747	27143	
88059	82419	7788	87070	40742	32020	120739	108665	157569	
148096	138922	56863	198867	84092	198574	133233	29200	138574	
27125	186019	112151	195980	45992	26868	85056	27106	194015	
185512	20264	130706	127837	133410	78812	197177	155622	107982	
163008	175948	160017	168361	74057	27534	66995	14069	181069	
141644	116570	197872	107542	102488	91703	63888	41811	182711	
161720	42574	177467	46962	96360	33357	90104	46626	106865	
106572	156757	186690	70163	55678	24018	146173	192629	31245	
31361	33363	69418	187691	195687	57015	195889	174251	63516	
194821	87089	1294	37019	40401	61813	113353	80045	110124	
47304	199893	10547	190810	60897	175398	85605	9802	124914	
59713	85166	8575	70962	190151	1007	100987	189992	96317	
136914	197641	184230	69259	126489	177504	177394	155915	74765	
88053	39308	10144	129956	55111	181270	131829	91422	83786	
78281	124883	160340	31617	74606	105882	39076	135290	128680	
94138	85788	172047	53756	114806	130194	37178	110545	46047	
57033	18769	107970	141638	163313	150910	68466	60159	195614	
126714	13916	132147	73782	152387	128588	96305	7159	23456	
55227	36207	9619	4657	180660	148535	119732	194448	67019	
74258	132214	155591	85044	23981	147010	93082	5438	28645	
142145	160456	4797	146839	76657	175954	42177	160078	129949	
129650	62649	187179	183565	162922	184017	149005	151935	1318	
123040	114916	68112	122332	17328	62032	130914	39039	99186	
78714	19507	181148	177669	143353	82016	154444	185085	109874	
104014	60091	144232	31092	63479	54891	12537	51235	178255	
33827	159455	198794	52376	16132	133227	111095	27479	116112	
73477	21735	145477	79965	25666	42116	28883	69925	113750	
68423	84946	76865	27326	145221	139838	42665	179500	16938	
109190	73666	191604	98509	11200	26282	61276	196377	128600	
46224	69851	11151	25605	142438	185525	153217	26344	177052	
18445	102324	60720	152643	84061	42775	84171	177968	30805	
5072	177535	193466	188644	45577	133148	37782	94407	95249	
33638	136621	150476	8783	29456	194967	72812	45412	21528	
174202	84757	112572	55221	135217	112737	3723	131872	28742	
140210	161573	44203	14234	176045	197885	141760	188491	193600	
101249	32661	105302	96787	163978	128027	167427	69284	159321	
35096	71951	163258	439	105534	190554	83725	12164	145026	
65652	24976	46956	190432	103959	115050	176235	160792	48421	
124786	188338	88419	110020	197543	24415	136310	140521	55819	
183437	108092	127538	41182	27515	56881	193087	43556	19062	
99150	176900	76236	20600	39955	185793	152887	88901	115740	
190243	22700	94419	60928	49520	20063	197396	4675	46590	
184884	111827	3882	114000	109837	188644	118798	32038	70926	
49172	37434	180464	97386	347	155164	124889	137341	162727	
115459	19306	175411	142694	118395	105803	58523	180055	2868	
92771	86155	2233	8942	92973	121306	116448	26472	102543	
78421	170863	36366	102281	144483	116326	150653	162464	189614	
199630	157600	32423	123321	119646	178212	196151	52755	177718	
140253	75113	199130	153296	76132	159675	28553	136334	150879	
150202	153742	47499	26374	89213	62399	77591	68277	165840	
29090	177266	1635	173701	66384	28455	121746	103648	71737	
28712	66152	52474	26380	119603	54390	128881	2362	190566	
1446	137970	34046	89359	11377	125530	10339	170485	57162	
163313	43849	12604	153242	56551	73245	36525	26789	155048	
155103	54671	194143	148975	1385	83536	48482	30732	18995	
50240	65170	104063	7361	124523	130834	21644	170656	107280	
102610	132501	549	7104	3643	120397	86106	35908	161231	
14508	6677	154914	93723	153620	164399	2337	52559	185042	
112328	133966	25635	79599	34547	7770	108177	43880	134478	
44087	47530	110954	187624	192288	67978	90885	15033	135363	
181899	62277	133752	163764	93473	86057	140375	49459	101310	
122790	84171	151789	106047	34742	185848	86100	129302	54006	
158247	186574	50264	197805	85312	94431	166053	12390	115483	
102818	82144	126708	125726	189474	139215	197012	12610	168666	
82431	123772	166572	93455	179695	122179	185567	139587	94871	
127252	184493	102299	122423	115135	156538	137274	89530	21521	
142743	76968	132141	38691	66000	153583	51015	172249	185781	
59908	54171	38893	29762	179390	191836	186501	158759	116442	
90238	117650	20966	158552	90580	97953	52059	1159	199185	
130419	77133	166774	155311	177028	170869	49355	22791	8862	
32197	15509	11749	166029	29633	93412	136590	8490	173549	
80936	16632	139325	171669	4211	25568	181325	24018	157764	
95945	188503	113616	57546	185024	73538	48989	138190	108202	
132507	15051	125524	146277	48140	88340	115825	132757	52816	
72958	92954	27522	32612	113530	114574	83078	53579	41279	
98808	9570	91569	109624	42531	45003	46791	75442	2551	
136633	24421	82309	70920	140057	162440	101909	75619	42079	
188021	189944	37959	113695	183651	112682	117772	199301	144312	
549	77805	48616	6860	184847	198526	97373	133014	73917	
74448	3033	126989	25098	23536	141949	169258	68551	140594	
173964	147534	39296	126080	80966	166243	173769	121612	185470	
115801	126971	83329	155469	82889	66684	124395	101982	83005	
836	157886	175349	96513	194290	71316	166591	89469	31373	
164112	120171	469	180422	79099	64273	174751	16333	159553	
64932	26801	157844	62722	110234	12781	75247	161366	30842	
93906	25263	164357	163142	172102	68997	87699	161115	79196	
29377	7220	63424	903	144330	124108	21723	116747	71860	
174574	196585	137304	3369	114965	27222	119951	141431	113500	
181404	44392	98197	179860	191506	129174	70877	63931	83310	
170479	150324	155006	3558	84433	19086	12482	152594	134192	
195260	59646	28309	23017	78085	71390	87729	134655	152033	
187484	32350	102171	5047	82382	23633	186641	117736	23023	
34748	46742	79343	45644	44960	180733	187032	183083	82810	
21833	84562	173677	24366	168477	196701	183077	152869	130462	
15552	170192	185824	72519	195169	28504	176076	136224	110466	
134082	192843	21802	37031	31361	189162	10919	7739	88260	
161823	111699	102617	51479	10236	107274	28181	133612	286	
189156	142462	163001	39577	156519	181978	27857	70193	62856	
46889	145728	185372	91087	100700	189529	176180	138415	140527	
1586	114531	92271	94407	126775	78854	78464	1812	95994	
28474	62869	133599	91367	133142	87882	7593	124267	163887	
124859	156287	157539	51442	23884	2563	103044	18506	142011	
100022	125927	192049	131237	93876	186684	101945	67587	58919	
52456	172291	2368	170625	108659	11389	116997	165699	2264	
6940	162562	148395	47988	32472	165419	198709	28596	171431	
80063	138806	120629	64993	170491	113939	176723	190108	1300	
144013	95872	73703	19935	102110	112810	149591	10999	76260	
137768	64126	4260	170631	177889	136993	117339	102409	171522	
183303	114385	50679	66684	3222	162110	113463	74893	145569	
164265	29224	131616	51271	155897	119109	94639	183382	138623	
106053	111601	49477	38197	167225	87858	123046	165553	75778	
86039	169819	62612	188442	188460	185531	114177	134924	53682	
51192	6976	165663	98509	112236	17328	13898	136554	187704	
8520	28577	4706	15778	119201	34083	8832	41920	24042	
73239	119726	155781	147968	89799	150806	83200	115044	106535	
48653	39613	13483	155390	127722	150928	157893	115752	180397	
48250	129943	117235	93723	142804	178981	63119	104063	186983	
163484	130780	120769	28144	114885	5304	50405	161207	4883	
102568	152503	186184	197531	137994	158222	177254	167250	97276	
183187	69259	164308	165358	165705	68118	8575	69735	61587	
191232	93272	194637	126928	144281	179518	121978	119921	40620	
63302	155659	153205	169447	95933	85239	27705	119030	39204	
145361	179506	61361	36635	27045	70712	104307	181935	97318	
155860	117583	65994	83176	54836	138891	183693	176308	63778	
166255	181618	14740	35041	43068	28132	97776	157642	41884	
86966	90208	69235	53292	175490	172438	31104	186153	189089	
92399	197189	85398	172743	75766	108531	173659	21174	50576	
44417	122942	88755	142554	161353	162715	90330	97422	51149	
130462	174471	186397	49520	71145	150110	51107	126171	91746	
148029	44270	87888	77048	98271	122295	125738	173140	104936	
46059	37623	44576	99375	146198	157532	11798	53237	9045	
122619	74722	132476	139587	109502	129009	73642	157508	70877	
181111	163740	182839	3814	68423	104716	167170	180953	90751	
144135	26936	175765	59365	152991	134802	13312	169862	32081	
25562	77615	5114	128167	72726	106810	74600	41096	192074	
107603	196194	103251	128350	120006	126898	112456	181533	63766	
148609	199710	128674	197653	15192	12848	197781	22883	167183	
97605	49855	162025	20246	57040	25434	44374	33802	170820	
11749	129412	165913	55514	186947	99217	20728	47121	197402	
151453	94889	87150	24580	23823	28834	193405	97575	81577	
69565	96855	107524	98991	50930	125762	80344	66403	97752	
118242	163844	53756	160023	44716	85556	62136	183461	121276	
137555	94352	22584	95353	44399	176003	102714	84928	170650	
158082	136889	52443	23932	32594	104307	94828	110130	192226	
196212	30647	96610	165376	135614	65933	140039	57961	177175	
19635	134802	32978	193319	90189	138464	59274	152997	44276	
130340	60683	199246	9155	159614	96842	31794	149750	39052	
106816	1110	11694	40803	46956	19855	11743	150281	154108	
98338	56612	134546	165431	9906	171614	181423	26154	92796	
120318	165516	116484	94419	96482	97453	128814	64602	69467	
12604	26685	3845	64456	55465	16571	72909	158656	15998	
163838	69980	74765	74210	184017	181685	153022	9131	40852	
114159	182912	28584	82157	10461	75955	75778	144745	60574	
60799	169227	159919	10175	181722	32038	90440	74576	181972	
166987	130493	63900	153119	33418	199740	25916	31660	82505	
62759	12640	124151	106822	105198	77060	142053	60714	97697	
106132	127673	7587	179073	196444	152332	150391	189791	178597	
168043	1544	187173	196768	93937	48653	73410	149524	118779	
172029	167799	98265	100657	170540	54262	49477	45247	51870	
135644	17029	143817	43489	25764	170875	152265	180538	10706	
178237	192410	26936	110466	143720	156788	186031	172200	54433	
198263	156769	126434	136456	85569	192013	37397	28870	106212	
114910	78690	181685	97807	149811	65646	183736	89231	123833	
75589	26984	132794	95432	187191	13422	8606	166102	70242	
110692	182595	131610	57094	62881	99089	128881	26917	62643	
189669	134845	134185	90830	79032	73489	112456	130017	169569	
187398	184902	158064	85575	29914	112645	128051	158564	134369	
12250	40730	34785	116375	73660	115880	186312	65701	9686	
168641	6824	183791	168477	197287	73501	123217	140033	88486	
56081	185384	188228	46468	54525	32643	139355	52187	46364	
71164	58651	158875	25129	160676	145917	130139	111022	7477	
181514	26911	15070	96934	154053	49483	138122	121544	939	
40803	85758	161097	93076	157441	80582	170955	194918	114305	
52932	34834	131207	109514	91386	138251	91605	35518	34309	
118920	4437	82846	83652	150422	110832	142676	22242	15204	
170503	114458	115868	123443	30433	124902	81369	133679	187710	
164527	1989	131817	77689	148023	171278	24476	118902	104698	
146656	103099	45723	105302	194155	34950	160340	31336	5267	
37416	34919	193289	67440	91660	95616	103831	169227	152033	
19300	12512	21509	7416	174562	107854	76022	150831	37971	
193368	122301	113341	17133	143652	144452	18872	11487	146790	
18958	15833	142365	39332	134710	141968	183315	140118	116539	
78684	122210	89145	133593	151111	186153	97831	173628	30030	
160511	116759	164643	92100	133422	127349	124999	94437	96861	
63528	23298	120019	135638	169795	129296	49910	35524	101799	
137054	118804	41792	175807	41652	9924	199368	73190	50612	
45729	5823	6286	111388	130468	8697	51839	136059	988	
77951	58211	104619	42042	185274	32734	127978	22193	21125	
15375	51961	6750	81088	144965	83646	3906	152424	124230	
21149	274	32386	189986	168202	142194	9436	194589	114727	
